Scale, Error, Expectation // 1,000,000 evaluations per
100000, 1.82427e-09, -3.38862
104950, 1.73823e-09, -3.46412
109900, 1.65994e-09, -3.53753
114850, 1.58839e-09, -3.60897
119800, 1.52276e-09, -3.67858
124750, 1.46234e-09, -3.74647
129700, 1.40653e-09, -3.81274
134650, 1.35482e-09, -3.87748
139600, 1.30678e-09, -3.94078
144550, 1.26203e-09, -4.00271
149500, 1.22025e-09, -4.06334
154450, 1.18114e-09, -4.12274
159400, 1.14446e-09, -4.18096
164350, 1.10999e-09, -4.23806
169300, 1.07754e-09, -4.29409
174250, 1.04693e-09, -4.3491
179200, 1.01801e-09, -4.40312
184150, 9.90644e-10, -4.4562
189100, 9.64712e-10, -4.50839
194050, 9.40103e-10, -4.5597
199000, 9.16719e-10, -4.61018
203950, 8.94469e-10, -4.65985
208900, 8.73274e-10, -4.70876
213850, 8.53061e-10, -4.75691
218800, 8.33761e-10, -4.80434
223750, 8.15316e-10, -4.85108
228700, 7.97669e-10, -4.89714
233650, 7.8077e-10, -4.94255
238600, 7.64572e-10, -4.98733
243550, 7.49033e-10, -5.03149
248500, 7.34113e-10, -5.07506
253450, 7.19775e-10, -5.11806
258400, 7.05987e-10, -5.1605
263350, 6.92717e-10, -5.20239
268300, 6.79937e-10, -5.24376
273250, 6.67619e-10, -5.28461
278200, 6.55741e-10, -5.32497
283150, 6.44277e-10, -5.36483
288100, 6.33207e-10, -5.40423
293050, 6.22512e-10, -5.44316
298000, 6.12171e-10, -5.48164
302950, 6.02169e-10, -5.51969
307900, 5.92488e-10, -5.5573
312850, 5.83113e-10, -5.5945
317800, 5.74031e-10, -5.63129
322750, 5.65227e-10, -5.66769
327700, 5.56689e-10, -5.70369
332650, 5.48405e-10, -5.73932
337600, 5.40364e-10, -5.77457
342550, 5.32556e-10, -5.80946
347500, 5.2497e-10, -5.84399
352450, 5.17597e-10, -5.87817
357400, 5.10428e-10, -5.91202
362350, 5.03455e-10, -5.94553
367300, 4.9667e-10, -5.97871
372250, 4.90066e-10, -6.01157
377200, 4.83635e-10, -6.04412
382150, 4.7737e-10, -6.07636
387100, 4.71266e-10, -6.1083
392050, 4.65316e-10, -6.13994
397000, 4.59514e-10, -6.17129
401950, 4.53855e-10, -6.20236
406900, 4.48334e-10, -6.23315
411850, 4.42945e-10, -6.26366
416800, 4.37685e-10, -6.2939
421750, 4.32548e-10, -6.32388
426700, 4.2753e-10, -6.35359
431650, 4.22627e-10, -6.38306
436600, 4.17836e-10, -6.41226
441550, 4.13151e-10, -6.44123
446500, 4.08571e-10, -6.46994
451450, 4.04091e-10, -6.49842
456400, 3.99709e-10, -6.52667
461350, 3.9542e-10, -6.55468
466300, 3.91222e-10, -6.58247
471250, 3.87113e-10, -6.61003
476200, 3.83089e-10, -6.63737
481150, 3.79148e-10, -6.66449
486100, 3.75287e-10, -6.6914
491050, 3.71504e-10, -6.7181
496000, 3.67796e-10, -6.74459
500950, 3.64162e-10, -6.77088
505900, 3.60599e-10, -6.79697
510850, 3.57105e-10, -6.82286
515800, 3.53678e-10, -6.84855
520750, 3.50316e-10, -6.87405
525700, 3.47017e-10, -6.89936
530650, 3.4378e-10, -6.92449
535600, 3.40603e-10, -6.94943
540550, 3.37484e-10, -6.97418
545500, 3.34422e-10, -6.99876
550450, 3.31414e-10, -7.02317
555400, 3.28461e-10, -7.04739
560350, 3.25559e-10, -7.07144
565300, 3.22708e-10, -7.09533
570250, 3.19907e-10, -7.11905
575200, 3.17154e-10, -7.1426
580150, 3.14448e-10, -7.16598
585100, 3.11788e-10, -7.18921
590050, 3.09172e-10, -7.21227
595000, 3.066e-10, -7.23518
599950, 3.0407e-10, -7.25793
604900, 3.01582e-10, -7.28054
609850, 2.99134e-10, -7.30298
614800, 2.96726e-10, -7.32528
619750, 2.94356e-10, -7.34743
624700, 2.92023e-10, -7.36943
629650, 2.89728e-10, -7.3913
634600, 2.87468e-10, -7.41302
639550, 2.85243e-10, -7.43459
644500, 2.83052e-10, -7.45603
649450, 2.80895e-10, -7.47732
654400, 2.7877e-10, -7.49849
659350, 2.76677e-10, -7.51952
664300, 2.74615e-10, -7.54041
669250, 2.72584e-10, -7.56118
674200, 2.70583e-10, -7.5818
679150, 2.68611e-10, -7.60231
684100, 2.66667e-10, -7.62268
689050, 2.64751e-10, -7.64294
694000, 2.62863e-10, -7.66306
698950, 2.61001e-10, -7.68306
703900, 2.59166e-10, -7.70294
708850, 2.57356e-10, -7.7227
713800, 2.55572e-10, -7.74234
718750, 2.53811e-10, -7.76186
723700, 2.52075e-10, -7.78126
728650, 2.50363e-10, -7.80056
733600, 2.48674e-10, -7.81973
738550, 2.47007e-10, -7.83879
743500, 2.45362e-10, -7.85774
748450, 2.4374e-10, -7.87657
753400, 2.42138e-10, -7.8953
758350, 2.40558e-10, -7.91392
763300, 2.38998e-10, -7.93243
768250, 2.37458e-10, -7.95083
773200, 2.35938e-10, -7.96913
778150, 2.34437e-10, -7.98732
783100, 2.32955e-10, -8.00541
788050, 2.31492e-10, -8.02339
793000, 2.30047e-10, -8.04127
797950, 2.2862e-10, -8.05905
802900, 2.2721e-10, -8.07673
807850, 2.25818e-10, -8.09432
812800, 2.24443e-10, -8.1118
817750, 2.23084e-10, -8.12919
822700, 2.21742e-10, -8.14648
827650, 2.20416e-10, -8.16368
832600, 2.19105e-10, -8.18078
837550, 2.1781e-10, -8.19778
842500, 2.16531e-10, -8.2147
847450, 2.15266e-10, -8.23151
852400, 2.14016e-10, -8.24825
857350, 2.1278e-10, -8.26488
862300, 2.11559e-10, -8.28143
867250, 2.10351e-10, -8.29789
872200, 2.09157e-10, -8.31427
877150, 2.07977e-10, -8.33055
882100, 2.0681e-10, -8.34675
887050, 2.05656e-10, -8.36286
892000, 2.04515e-10, -8.37888
896950, 2.03386e-10, -8.39482
901900, 2.0227e-10, -8.41068
906850, 2.01166e-10, -8.42646
911800, 2.00073e-10, -8.44215
916750, 1.98993e-10, -8.45776
921700, 1.97924e-10, -8.47328
926650, 1.96867e-10, -8.48873
931600, 1.95821e-10, -8.5041
936550, 1.94786e-10, -8.51939
941500, 1.93762e-10, -8.5346
946450, 1.92749e-10, -8.54973
951400, 1.91746e-10, -8.56478
956350, 1.90753e-10, -8.57976
961300, 1.89771e-10, -8.59466
966250, 1.88799e-10, -8.60948
971200, 1.87837e-10, -8.62424
976150, 1.86884e-10, -8.63891
981100, 1.85941e-10, -8.65351
986050, 1.85008e-10, -8.66804
991000, 1.84084e-10, -8.6825
995950, 1.83169e-10, -8.69688
1.0009e+06, 1.82263e-10, -8.71119
1.00585e+06, 1.81366e-10, -8.72543
1.0108e+06, 1.80478e-10, -8.7396
1.01575e+06, 1.79598e-10, -8.7537
1.0207e+06, 1.78727e-10, -8.76773
1.02565e+06, 1.77865e-10, -8.78169
1.0306e+06, 1.7701e-10, -8.79558
1.03555e+06, 1.76164e-10, -8.80941
1.0405e+06, 1.75326e-10, -8.82316
1.04545e+06, 1.74496e-10, -8.83685
1.0504e+06, 1.73674e-10, -8.85047
1.05535e+06, 1.72859e-10, -8.86403
1.0603e+06, 1.72052e-10, -8.87752
1.06525e+06, 1.71253e-10, -8.89094
1.0702e+06, 1.70461e-10, -8.9043
1.07515e+06, 1.69676e-10, -8.9176
1.0801e+06, 1.68898e-10, -8.93083
1.08505e+06, 1.68128e-10, -8.94399
1.09e+06, 1.67364e-10, -8.9571
1.09495e+06, 1.66608e-10, -8.97014
1.0999e+06, 1.65858e-10, -8.98312
1.10485e+06, 1.65115e-10, -8.99604
1.1098e+06, 1.64378e-10, -9.0089
1.11475e+06, 1.63648e-10, -9.02169
1.1197e+06, 1.62925e-10, -9.03442
1.12465e+06, 1.62208e-10, -9.0471
1.1296e+06, 1.61497e-10, -9.05972
1.13455e+06, 1.60792e-10, -9.07227
1.1395e+06, 1.60094e-10, -9.08477
1.14445e+06, 1.59401e-10, -9.09721
1.1494e+06, 1.58715e-10, -9.10959
1.15435e+06, 1.58034e-10, -9.12191
1.1593e+06, 1.5736e-10, -9.13417
1.16425e+06, 1.56691e-10, -9.14638
1.1692e+06, 1.56027e-10, -9.15853
1.17415e+06, 1.55369e-10, -9.17062
1.1791e+06, 1.54717e-10, -9.18266
1.18405e+06, 1.5407e-10, -9.19464
1.189e+06, 1.53429e-10, -9.20657
1.19395e+06, 1.52793e-10, -9.21844
1.1989e+06, 1.52162e-10, -9.23026
1.20385e+06, 1.51536e-10, -9.24202
1.2088e+06, 1.50916e-10, -9.25373
1.21375e+06, 1.503e-10, -9.26538
1.2187e+06, 1.4969e-10, -9.27699
1.22365e+06, 1.49084e-10, -9.28853
1.2286e+06, 1.48484e-10, -9.30003
1.23355e+06, 1.47888e-10, -9.31147
1.2385e+06, 1.47297e-10, -9.32286
1.24345e+06, 1.4671e-10, -9.3342
1.2484e+06, 1.46129e-10, -9.34549
1.25335e+06, 1.45552e-10, -9.35673
1.2583e+06, 1.44979e-10, -9.36791
1.26325e+06, 1.44411e-10, -9.37905
1.2682e+06, 1.43847e-10, -9.39014
1.27315e+06, 1.43288e-10, -9.40117
1.2781e+06, 1.42733e-10, -9.41216
1.28305e+06, 1.42182e-10, -9.42309
1.288e+06, 1.41636e-10, -9.43398
1.29295e+06, 1.41094e-10, -9.44482
1.2979e+06, 1.40556e-10, -9.45561
1.30285e+06, 1.40021e-10, -9.46636
1.3078e+06, 1.39492e-10, -9.47705
1.31275e+06, 1.38966e-10, -9.48769
1.3177e+06, 1.38444e-10, -9.49829
1.32265e+06, 1.37925e-10, -9.50884
1.3276e+06, 1.37411e-10, -9.51934
1.33255e+06, 1.36901e-10, -9.5298
1.3375e+06, 1.36394e-10, -9.54022
1.34245e+06, 1.35891e-10, -9.55058
1.3474e+06, 1.35392e-10, -9.5609
1.35235e+06, 1.34896e-10, -9.57118
1.3573e+06, 1.34404e-10, -9.58141
1.36225e+06, 1.33916e-10, -9.59159
1.3672e+06, 1.33431e-10, -9.60173
1.37215e+06, 1.3295e-10, -9.61182
1.3771e+06, 1.32472e-10, -9.62187
1.38205e+06, 1.31997e-10, -9.63188
1.387e+06, 1.31526e-10, -9.64184
1.39195e+06, 1.31059e-10, -9.65176
1.3969e+06, 1.30594e-10, -9.66163
1.40185e+06, 1.30133e-10, -9.67147
1.4068e+06, 1.29675e-10, -9.68126
1.41175e+06, 1.2922e-10, -9.691
1.4167e+06, 1.28769e-10, -9.7007
1.42165e+06, 1.28321e-10, -9.71036
1.4266e+06, 1.27875e-10, -9.71998
1.43155e+06, 1.27433e-10, -9.72956
1.4365e+06, 1.26994e-10, -9.7391
1.44145e+06, 1.26558e-10, -9.74859
1.4464e+06, 1.26125e-10, -9.75805
1.45135e+06, 1.25695e-10, -9.76745
1.4563e+06, 1.25267e-10, -9.77682
1.46125e+06, 1.24843e-10, -9.78616
1.4662e+06, 1.24422e-10, -9.79545
1.47115e+06, 1.24003e-10, -9.80469
1.4761e+06, 1.23587e-10, -9.8139
1.48105e+06, 1.23174e-10, -9.82307
1.486e+06, 1.22764e-10, -9.8322
1.49095e+06, 1.22356e-10, -9.8413
1.4959e+06, 1.21951e-10, -9.85035
1.50085e+06, 1.21549e-10, -9.85936
1.5058e+06, 1.2115e-10, -9.86834
1.51075e+06, 1.20753e-10, -9.87727
1.5157e+06, 1.20358e-10, -9.88616
1.52065e+06, 1.19966e-10, -9.89503
1.5256e+06, 1.19577e-10, -9.90384
1.53055e+06, 1.1919e-10, -9.91263
1.5355e+06, 1.18806e-10, -9.92138
1.54045e+06, 1.18424e-10, -9.93009
1.5454e+06, 1.18045e-10, -9.93876
1.55035e+06, 1.17668e-10, -9.94739
1.5553e+06, 1.17294e-10, -9.95599
1.56025e+06, 1.16922e-10, -9.96455
1.5652e+06, 1.16552e-10, -9.97307
1.57015e+06, 1.16184e-10, -9.98156
1.5751e+06, 1.15819e-10, -9.99
1.58005e+06, 1.15456e-10, -9.99842
1.585e+06, 1.15096e-10, -10.0068
1.58995e+06, 1.14738e-10, -10.0151
1.5949e+06, 1.14381e-10, -10.0234
1.59985e+06, 1.14028e-10, -10.0317
1.6048e+06, 1.13676e-10, -10.04
1.60975e+06, 1.13326e-10, -10.0482
1.6147e+06, 1.12979e-10, -10.0563
1.61965e+06, 1.12634e-10, -10.0645
1.6246e+06, 1.1229e-10, -10.0726
1.62955e+06, 1.11949e-10, -10.0806
1.6345e+06, 1.1161e-10, -10.0886
1.63945e+06, 1.11273e-10, -10.0966
1.6444e+06, 1.10938e-10, -10.1046
1.64935e+06, 1.10605e-10, -10.1125
1.6543e+06, 1.10274e-10, -10.1204
1.65925e+06, 1.09945e-10, -10.1283
1.6642e+06, 1.09618e-10, -10.1361
1.66915e+06, 1.09293e-10, -10.1439
1.6741e+06, 1.0897e-10, -10.1517
1.67905e+06, 1.08649e-10, -10.1594
1.684e+06, 1.0833e-10, -10.1671
1.68895e+06, 1.08012e-10, -10.1747
1.6939e+06, 1.07696e-10, -10.1824
1.69885e+06, 1.07383e-10, -10.19
1.7038e+06, 1.07071e-10, -10.1975
1.70875e+06, 1.0676e-10, -10.2051
1.7137e+06, 1.06452e-10, -10.2126
1.71865e+06, 1.06146e-10, -10.22
1.7236e+06, 1.05841e-10, -10.2275
1.72855e+06, 1.05538e-10, -10.2349
1.7335e+06, 1.05236e-10, -10.2422
1.73845e+06, 1.04937e-10, -10.2496
1.7434e+06, 1.04639e-10, -10.2569
1.74835e+06, 1.04342e-10, -10.2642
1.7533e+06, 1.04048e-10, -10.2714
1.75825e+06, 1.03755e-10, -10.2786
1.7632e+06, 1.03464e-10, -10.2858
1.76815e+06, 1.03174e-10, -10.293
1.7731e+06, 1.02886e-10, -10.3001
1.77805e+06, 1.02599e-10, -10.3072
1.783e+06, 1.02315e-10, -10.3143
1.78795e+06, 1.02031e-10, -10.3213
1.7929e+06, 1.0175e-10, -10.3283
1.79785e+06, 1.0147e-10, -10.3353
1.8028e+06, 1.01191e-10, -10.3423
1.80775e+06, 1.00914e-10, -10.3492
1.8127e+06, 1.00638e-10, -10.3561
1.81765e+06, 1.00364e-10, -10.3629
1.8226e+06, 1.00092e-10, -10.3698
1.82755e+06, 9.98205e-11, -10.3766
1.8325e+06, 9.95509e-11, -10.3833
1.83745e+06, 9.92827e-11, -10.3901
1.8424e+06, 9.9016e-11, -10.3968
1.84735e+06, 9.87506e-11, -10.4035
1.8523e+06, 9.84867e-11, -10.4101
1.85725e+06, 9.82243e-11, -10.4168
1.8622e+06, 9.79632e-11, -10.4234
1.86715e+06, 9.77035e-11, -10.4299
1.8721e+06, 9.74451e-11, -10.4365
1.87705e+06, 9.71881e-11, -10.443
1.882e+06, 9.69325e-11, -10.4495
1.88695e+06, 9.66782e-11, -10.456
1.8919e+06, 9.64253e-11, -10.4624
1.89685e+06, 9.61737e-11, -10.4688
1.9018e+06, 9.59233e-11, -10.4752
1.90675e+06, 9.56743e-11, -10.4815
1.9117e+06, 9.54266e-11, -10.4879
1.91665e+06, 9.51801e-11, -10.4942
1.9216e+06, 9.4935e-11, -10.5004
1.92655e+06, 9.4691e-11, -10.5067
1.9315e+06, 9.44484e-11, -10.5129
1.93645e+06, 9.42069e-11, -10.5191
1.9414e+06, 9.39667e-11, -10.5253
1.94635e+06, 9.37277e-11, -10.5314
1.9513e+06, 9.349e-11, -10.5375
1.95625e+06, 9.32534e-11, -10.5436
1.9612e+06, 9.30181e-11, -10.5497
1.96615e+06, 9.27839e-11, -10.5557
1.9711e+06, 9.25509e-11, -10.5617
1.97605e+06, 9.2319e-11, -10.5677
1.981e+06, 9.20883e-11, -10.5737
1.98595e+06, 9.18588e-11, -10.5796
1.9909e+06, 9.16304e-11, -10.5855
1.99585e+06, 9.14032e-11, -10.5914
2.0008e+06, 9.1177e-11, -10.5972
2.00575e+06, 9.0952e-11, -10.6031
2.0107e+06, 9.07281e-11, -10.6089
2.01565e+06, 9.05053e-11, -10.6146
2.0206e+06, 9.02836e-11, -10.6204
2.02555e+06, 9.0063e-11, -10.6261
2.0305e+06, 8.98434e-11, -10.6318
2.03545e+06, 8.96249e-11, -10.6375
2.0404e+06, 8.94075e-11, -10.6432
2.04535e+06, 8.91911e-11, -10.6488
2.0503e+06, 8.89758e-11, -10.6544
2.05525e+06, 8.87615e-11, -10.66
2.0602e+06, 8.85482e-11, -10.6656
2.06515e+06, 8.8336e-11, -10.6711
2.0701e+06, 8.81247e-11, -10.6766
2.07505e+06, 8.79145e-11, -10.6821
2.08e+06, 8.77053e-11, -10.6876
2.08495e+06, 8.74971e-11, -10.693
2.0899e+06, 8.72898e-11, -10.6984
2.09485e+06, 8.70836e-11, -10.7038
2.0998e+06, 8.68783e-11, -10.7092
2.10475e+06, 8.6674e-11, -10.7145
2.1097e+06, 8.64706e-11, -10.7198
2.11465e+06, 8.62682e-11, -10.7251
2.1196e+06, 8.60667e-11, -10.7304
2.12455e+06, 8.58662e-11, -10.7357
2.1295e+06, 8.56666e-11, -10.7409
2.13445e+06, 8.54679e-11, -10.7461
2.1394e+06, 8.52702e-11, -10.7513
2.14435e+06, 8.50733e-11, -10.7565
2.1493e+06, 8.48774e-11, -10.7616
2.15425e+06, 8.46824e-11, -10.7667
2.1592e+06, 8.44882e-11, -10.7718
2.16415e+06, 8.4295e-11, -10.7769
2.1691e+06, 8.41026e-11, -10.7819
2.17405e+06, 8.39111e-11, -10.7869
2.179e+06, 8.37205e-11, -10.792
2.18395e+06, 8.35308e-11, -10.7969
2.1889e+06, 8.33419e-11, -10.8019
2.19385e+06, 8.31538e-11, -10.8068
2.1988e+06, 8.29666e-11, -10.8118
2.20375e+06, 8.27803e-11, -10.8166
2.2087e+06, 8.25947e-11, -10.8215
2.21365e+06, 8.24101e-11, -10.8264
2.2186e+06, 8.22262e-11, -10.8312
2.22355e+06, 8.20431e-11, -10.836
2.2285e+06, 8.18609e-11, -10.8408
2.23345e+06, 8.16795e-11, -10.8455
2.2384e+06, 8.14988e-11, -10.8503
2.24335e+06, 8.1319e-11, -10.855
2.2483e+06, 8.114e-11, -10.8597
2.25325e+06, 8.09617e-11, -10.8644
2.2582e+06, 8.07843e-11, -10.8691
2.26315e+06, 8.06076e-11, -10.8737
2.2681e+06, 8.04316e-11, -10.8783
2.27305e+06, 8.02565e-11, -10.8829
2.278e+06, 8.00821e-11, -10.8875
2.28295e+06, 7.99084e-11, -10.892
2.2879e+06, 7.97356e-11, -10.8966
2.29285e+06, 7.95634e-11, -10.9011
2.2978e+06, 7.9392e-11, -10.9056
2.30275e+06, 7.92214e-11, -10.91
2.3077e+06, 7.90514e-11, -10.9145
2.31265e+06, 7.88822e-11, -10.9189
2.3176e+06, 7.87138e-11, -10.9233
2.32255e+06, 7.8546e-11, -10.9277
2.3275e+06, 7.83789e-11, -10.9321
2.33245e+06, 7.82126e-11, -10.9364
2.3374e+06, 7.8047e-11, -10.9408
2.34235e+06, 7.7882e-11, -10.9451
2.3473e+06, 7.77178e-11, -10.9494
2.35225e+06, 7.75543e-11, -10.9536
2.3572e+06, 7.73914e-11, -10.9579
2.36215e+06, 7.72292e-11, -10.9621
2.3671e+06, 7.70677e-11, -10.9663
2.37205e+06, 7.69069e-11, -10.9705
2.377e+06, 7.67467e-11, -10.9747
2.38195e+06, 7.65873e-11, -10.9788
2.3869e+06, 7.64284e-11, -10.983
2.39185e+06, 7.62703e-11, -10.9871
2.3968e+06, 7.61127e-11, -10.9912
2.40175e+06, 7.59559e-11, -10.9953
2.4067e+06, 7.57996e-11, -10.9993
2.41165e+06, 7.56441e-11, -11.0033
2.4166e+06, 7.54891e-11, -11.0074
2.42155e+06, 7.53348e-11, -11.0114
2.4265e+06, 7.51811e-11, -11.0153
2.43145e+06, 7.50281e-11, -11.0193
2.4364e+06, 7.48756e-11, -11.0232
2.44135e+06, 7.47238e-11, -11.0272
2.4463e+06, 7.45726e-11, -11.0311
2.45125e+06, 7.4422e-11, -11.035
2.4562e+06, 7.4272e-11, -11.0388
2.46115e+06, 7.41227e-11, -11.0427
2.4661e+06, 7.39739e-11, -11.0465
2.47105e+06, 7.38257e-11, -11.0503
2.476e+06, 7.36781e-11, -11.0541
2.48095e+06, 7.35311e-11, -11.0579
2.4859e+06, 7.33847e-11, -11.0616
2.49085e+06, 7.32389e-11, -11.0654
2.4958e+06, 7.30936e-11, -11.0691
2.50075e+06, 7.29489e-11, -11.0728
2.5057e+06, 7.28048e-11, -11.0765
2.51065e+06, 7.26613e-11, -11.0802
2.5156e+06, 7.25183e-11, -11.0838
2.52055e+06, 7.23759e-11, -11.0874
2.5255e+06, 7.2234e-11, -11.0911
2.53045e+06, 7.20927e-11, -11.0946
2.5354e+06, 7.1952e-11, -11.0982
2.54035e+06, 7.18118e-11, -11.1018
2.5453e+06, 7.16721e-11, -11.1053
2.55025e+06, 7.1533e-11, -11.1088
2.5552e+06, 7.13944e-11, -11.1124
2.56015e+06, 7.12564e-11, -11.1158
2.5651e+06, 7.11189e-11, -11.1193
2.57005e+06, 7.09819e-11, -11.1228
2.575e+06, 7.08454e-11, -11.1262
2.57995e+06, 7.07095e-11, -11.1296
2.5849e+06, 7.05741e-11, -11.133
2.58985e+06, 7.04392e-11, -11.1364
2.5948e+06, 7.03048e-11, -11.1398
2.59975e+06, 7.0171e-11, -11.1431
2.6047e+06, 7.00376e-11, -11.1465
2.60965e+06, 6.99048e-11, -11.1498
2.6146e+06, 6.97724e-11, -11.1531
2.61955e+06, 6.96406e-11, -11.1564
2.6245e+06, 6.95092e-11, -11.1596
2.62945e+06, 6.93784e-11, -11.1629
2.6344e+06, 6.9248e-11, -11.1661
2.63935e+06, 6.91182e-11, -11.1693
2.6443e+06, 6.89888e-11, -11.1726
2.64925e+06, 6.88599e-11, -11.1757
2.6542e+06, 6.87314e-11, -11.1789
2.65915e+06, 6.86035e-11, -11.182
2.6641e+06, 6.8476e-11, -11.1852
2.66905e+06, 6.8349e-11, -11.1883
2.674e+06, 6.82225e-11, -11.1914
2.67895e+06, 6.80965e-11, -11.1945
2.6839e+06, 6.79709e-11, -11.1976
2.68885e+06, 6.78457e-11, -11.2006
2.6938e+06, 6.77211e-11, -11.2036
2.69875e+06, 6.75969e-11, -11.2067
2.7037e+06, 6.74731e-11, -11.2097
2.70865e+06, 6.73498e-11, -11.2127
2.7136e+06, 6.72269e-11, -11.2156
2.71855e+06, 6.71045e-11, -11.2186
2.7235e+06, 6.69826e-11, -11.2215
2.72845e+06, 6.6861e-11, -11.2245
2.7334e+06, 6.674e-11, -11.2274
2.73835e+06, 6.66193e-11, -11.2303
2.7433e+06, 6.64991e-11, -11.2331
2.74825e+06, 6.63793e-11, -11.236
2.7532e+06, 6.626e-11, -11.2388
2.75815e+06, 6.61411e-11, -11.2417
2.7631e+06, 6.60226e-11, -11.2445
2.76805e+06, 6.59045e-11, -11.2473
2.773e+06, 6.57869e-11, -11.2501
2.77795e+06, 6.56697e-11, -11.2528
2.7829e+06, 6.55528e-11, -11.2556
2.78785e+06, 6.54364e-11, -11.2583
2.7928e+06, 6.53205e-11, -11.261
2.79775e+06, 6.52049e-11, -11.2638
2.8027e+06, 6.50897e-11, -11.2664
2.80765e+06, 6.4975e-11, -11.2691
2.8126e+06, 6.48606e-11, -11.2718
2.81755e+06, 6.47467e-11, -11.2744
2.8225e+06, 6.46331e-11, -11.2771
2.82745e+06, 6.452e-11, -11.2797
2.8324e+06, 6.44072e-11, -11.2823
2.83735e+06, 6.42949e-11, -11.2849
2.8423e+06, 6.41829e-11, -11.2874
2.84725e+06, 6.40713e-11, -11.29
2.8522e+06, 6.39601e-11, -11.2925
2.85715e+06, 6.38493e-11, -11.2951
2.8621e+06, 6.37389e-11, -11.2976
2.86705e+06, 6.36288e-11, -11.3001
2.872e+06, 6.35192e-11, -11.3025
2.87695e+06, 6.34099e-11, -11.305
2.8819e+06, 6.33009e-11, -11.3075
2.88685e+06, 6.31924e-11, -11.3099
2.8918e+06, 6.30842e-11, -11.3123
2.89675e+06, 6.29764e-11, -11.3147
2.9017e+06, 6.2869e-11, -11.3171
2.90665e+06, 6.27619e-11, -11.3195
2.9116e+06, 6.26552e-11, -11.3219
2.91655e+06, 6.25489e-11, -11.3242
2.9215e+06, 6.24429e-11, -11.3266
2.92645e+06, 6.23373e-11, -11.3289
2.9314e+06, 6.2232e-11, -11.3312
2.93635e+06, 6.21271e-11, -11.3335
2.9413e+06, 6.20226e-11, -11.3358
2.94625e+06, 6.19184e-11, -11.338
2.9512e+06, 6.18145e-11, -11.3403
2.95615e+06, 6.1711e-11, -11.3425
2.9611e+06, 6.16079e-11, -11.3448
2.96605e+06, 6.1505e-11, -11.347
2.971e+06, 6.14026e-11, -11.3492
2.97595e+06, 6.13004e-11, -11.3514
2.9809e+06, 6.11986e-11, -11.3535
2.98585e+06, 6.10972e-11, -11.3557
2.9908e+06, 6.09961e-11, -11.3578
2.99575e+06, 6.08953e-11, -11.3599
3.0007e+06, 6.07948e-11, -11.3621
3.00565e+06, 6.06947e-11, -11.3642
3.0106e+06, 6.05949e-11, -11.3662
3.01555e+06, 6.04954e-11, -11.3683
3.0205e+06, 6.03963e-11, -11.3704
3.02545e+06, 6.02975e-11, -11.3724
3.0304e+06, 6.0199e-11, -11.3744
3.03535e+06, 6.01008e-11, -11.3765
3.0403e+06, 6.0003e-11, -11.3785
3.04525e+06, 5.99054e-11, -11.3805
3.0502e+06, 5.98082e-11, -11.3824
3.05515e+06, 5.97113e-11, -11.3844
3.0601e+06, 5.96147e-11, -11.3864
3.06505e+06, 5.95184e-11, -11.3883
3.07e+06, 5.94225e-11, -11.3902
3.07495e+06, 5.93268e-11, -11.3921
3.0799e+06, 5.92315e-11, -11.394
3.08485e+06, 5.91364e-11, -11.3959
3.0898e+06, 5.90417e-11, -11.3978
3.09475e+06, 5.89472e-11, -11.3996
3.0997e+06, 5.88531e-11, -11.4015
3.10465e+06, 5.87593e-11, -11.4033
3.1096e+06, 5.86657e-11, -11.4051
3.11455e+06, 5.85725e-11, -11.4069
3.1195e+06, 5.84796e-11, -11.4087
3.12445e+06, 5.83869e-11, -11.4105
3.1294e+06, 5.82946e-11, -11.4123
3.13435e+06, 5.82025e-11, -11.414
3.1393e+06, 5.81107e-11, -11.4158
3.14425e+06, 5.80192e-11, -11.4175
3.1492e+06, 5.7928e-11, -11.4192
3.15415e+06, 5.78371e-11, -11.4209
3.1591e+06, 5.77465e-11, -11.4226
3.16405e+06, 5.76562e-11, -11.4243
3.169e+06, 5.75661e-11, -11.426
3.17395e+06, 5.74763e-11, -11.4276
3.1789e+06, 5.73868e-11, -11.4292
3.18385e+06, 5.72976e-11, -11.4309
3.1888e+06, 5.72087e-11, -11.4325
3.19375e+06, 5.712e-11, -11.4341
3.1987e+06, 5.70316e-11, -11.4357
3.20365e+06, 5.69435e-11, -11.4373
3.2086e+06, 5.68556e-11, -11.4388
3.21355e+06, 5.67681e-11, -11.4404
3.2185e+06, 5.66808e-11, -11.4419
3.22345e+06, 5.65937e-11, -11.4434
3.2284e+06, 5.65069e-11, -11.445
3.23335e+06, 5.64204e-11, -11.4465
3.2383e+06, 5.63342e-11, -11.448
3.24325e+06, 5.62482e-11, -11.4494
3.2482e+06, 5.61625e-11, -11.4509
3.25315e+06, 5.6077e-11, -11.4523
3.2581e+06, 5.59918e-11, -11.4538
3.26305e+06, 5.59069e-11, -11.4552
3.268e+06, 5.58222e-11, -11.4566
3.27295e+06, 5.57378e-11, -11.458
3.2779e+06, 5.56536e-11, -11.4594
3.28285e+06, 5.55697e-11, -11.4608
3.2878e+06, 5.5486e-11, -11.4622
3.29275e+06, 5.54026e-11, -11.4635
3.2977e+06, 5.53195e-11, -11.4649
3.30265e+06, 5.52366e-11, -11.4662
3.3076e+06, 5.51539e-11, -11.4675
3.31255e+06, 5.50715e-11, -11.4689
3.3175e+06, 5.49893e-11, -11.4702
3.32245e+06, 5.49074e-11, -11.4714
3.3274e+06, 5.48257e-11, -11.4727
3.33235e+06, 5.47443e-11, -11.474
3.3373e+06, 5.46631e-11, -11.4752
3.34225e+06, 5.45821e-11, -11.4765
3.3472e+06, 5.45014e-11, -11.4777
3.35215e+06, 5.44209e-11, -11.4789
3.3571e+06, 5.43407e-11, -11.4801
3.36205e+06, 5.42606e-11, -11.4813
3.367e+06, 5.41809e-11, -11.4825
3.37195e+06, 5.41013e-11, -11.4837
3.3769e+06, 5.4022e-11, -11.4848
3.38185e+06, 5.3943e-11, -11.486
3.3868e+06, 5.38641e-11, -11.4871
3.39175e+06, 5.37855e-11, -11.4882
3.3967e+06, 5.37071e-11, -11.4893
3.40165e+06, 5.3629e-11, -11.4904
3.4066e+06, 5.35511e-11, -11.4915
3.41155e+06, 5.34734e-11, -11.4926
3.4165e+06, 5.33959e-11, -11.4937
3.42145e+06, 5.33186e-11, -11.4947
3.4264e+06, 5.32416e-11, -11.4958
3.43135e+06, 5.31648e-11, -11.4968
3.4363e+06, 5.30882e-11, -11.4978
3.44125e+06, 5.30118e-11, -11.4988
3.4462e+06, 5.29357e-11, -11.4998
3.45115e+06, 5.28598e-11, -11.5008
3.4561e+06, 5.27841e-11, -11.5018
3.46105e+06, 5.27086e-11, -11.5028
3.466e+06, 5.26333e-11, -11.5037
3.47095e+06, 5.25582e-11, -11.5047
3.4759e+06, 5.24834e-11, -11.5056
3.48085e+06, 5.24088e-11, -11.5065
3.4858e+06, 5.23343e-11, -11.5074
3.49075e+06, 5.22601e-11, -11.5083
3.4957e+06, 5.21861e-11, -11.5092
3.50065e+06, 5.21123e-11, -11.5101
3.5056e+06, 5.20387e-11, -11.511
3.51055e+06, 5.19654e-11, -11.5118
3.5155e+06, 5.18922e-11, -11.5127
3.52045e+06, 5.18192e-11, -11.5135
3.5254e+06, 5.17465e-11, -11.5143
3.53035e+06, 5.16739e-11, -11.5151
3.5353e+06, 5.16016e-11, -11.5159
3.54025e+06, 5.15294e-11, -11.5167
3.5452e+06, 5.14575e-11, -11.5175
3.55015e+06, 5.13857e-11, -11.5183
3.5551e+06, 5.13142e-11, -11.519
3.56005e+06, 5.12428e-11, -11.5198
3.565e+06, 5.11717e-11, -11.5205
3.56995e+06, 5.11007e-11, -11.5213
3.5749e+06, 5.103e-11, -11.522
3.57985e+06, 5.09594e-11, -11.5227
3.5848e+06, 5.0889e-11, -11.5234
3.58975e+06, 5.08189e-11, -11.5241
3.5947e+06, 5.07489e-11, -11.5247
3.59965e+06, 5.06791e-11, -11.5254
3.6046e+06, 5.06095e-11, -11.5261
3.60955e+06, 5.05401e-11, -11.5267
3.6145e+06, 5.04709e-11, -11.5273
3.61945e+06, 5.04019e-11, -11.5279
3.6244e+06, 5.0333e-11, -11.5286
3.62935e+06, 5.02644e-11, -11.5292
3.6343e+06, 5.01959e-11, -11.5298
3.63925e+06, 5.01276e-11, -11.5303
3.6442e+06, 5.00595e-11, -11.5309
3.64915e+06, 4.99916e-11, -11.5315
3.6541e+06, 4.99239e-11, -11.532
3.65905e+06, 4.98564e-11, -11.5326
3.664e+06, 4.9789e-11, -11.5331
3.66895e+06, 4.97219e-11, -11.5336
3.6739e+06, 4.96549e-11, -11.5341
3.67885e+06, 4.95881e-11, -11.5346
3.6838e+06, 4.95214e-11, -11.5351
3.68875e+06, 4.9455e-11, -11.5356
3.6937e+06, 4.93887e-11, -11.5361
3.69865e+06, 4.93226e-11, -11.5365
3.7036e+06, 4.92567e-11, -11.537
3.70855e+06, 4.91909e-11, -11.5374
3.7135e+06, 4.91254e-11, -11.5378
3.71845e+06, 4.906e-11, -11.5383
3.7234e+06, 4.89947e-11, -11.5387
3.72835e+06, 4.89297e-11, -11.5391
3.7333e+06, 4.88648e-11, -11.5395
3.73825e+06, 4.88001e-11, -11.5398
3.7432e+06, 4.87356e-11, -11.5402
3.74815e+06, 4.86712e-11, -11.5406
3.7531e+06, 4.8607e-11, -11.5409
3.75805e+06, 4.8543e-11, -11.5413
3.763e+06, 4.84791e-11, -11.5416
3.76795e+06, 4.84155e-11, -11.5419
3.7729e+06, 4.83519e-11, -11.5422
3.77785e+06, 4.82886e-11, -11.5425
3.7828e+06, 4.82254e-11, -11.5428
3.78775e+06, 4.81624e-11, -11.5431
3.7927e+06, 4.80995e-11, -11.5434
3.79765e+06, 4.80368e-11, -11.5436
3.8026e+06, 4.79743e-11, -11.5439
3.80755e+06, 4.79119e-11, -11.5441
3.8125e+06, 4.78497e-11, -11.5444
3.81745e+06, 4.77877e-11, -11.5446
3.8224e+06, 4.77258e-11, -11.5448
3.82735e+06, 4.7664e-11, -11.545
3.8323e+06, 4.76025e-11, -11.5452
3.83725e+06, 4.75411e-11, -11.5454
3.8422e+06, 4.74798e-11, -11.5456
3.84715e+06, 4.74187e-11, -11.5457
3.8521e+06, 4.73578e-11, -11.5459
3.85705e+06, 4.7297e-11, -11.546
3.862e+06, 4.72364e-11, -11.5462
3.86695e+06, 4.71759e-11, -11.5463
3.8719e+06, 4.71156e-11, -11.5464
3.87685e+06, 4.70555e-11, -11.5465
3.8818e+06, 4.69955e-11, -11.5466
3.88675e+06, 4.69356e-11, -11.5467
3.8917e+06, 4.68759e-11, -11.5468
3.89665e+06, 4.68164e-11, -11.5469
3.9016e+06, 4.6757e-11, -11.547
3.90655e+06, 4.66977e-11, -11.547
3.9115e+06, 4.66386e-11, -11.5471
3.91645e+06, 4.65797e-11, -11.5471
3.9214e+06, 4.65209e-11, -11.5471
3.92635e+06, 4.64622e-11, -11.5471
3.9313e+06, 4.64037e-11, -11.5471
3.93625e+06, 4.63454e-11, -11.5471
3.9412e+06, 4.62872e-11, -11.5471
3.94615e+06, 4.62291e-11, -11.5471
3.9511e+06, 4.61712e-11, -11.5471
3.95605e+06, 4.61134e-11, -11.5471
3.961e+06, 4.60558e-11, -11.547
3.96595e+06, 4.59983e-11, -11.547
3.9709e+06, 4.5941e-11, -11.5469
3.97585e+06, 4.58838e-11, -11.5468
3.9808e+06, 4.58267e-11, -11.5467
3.98575e+06, 4.57698e-11, -11.5466
3.9907e+06, 4.5713e-11, -11.5465
3.99565e+06, 4.56564e-11, -11.5464
4.0006e+06, 4.55999e-11, -11.5463
4.00555e+06, 4.55436e-11, -11.5462
4.0105e+06, 4.54873e-11, -11.5461
4.01545e+06, 4.54313e-11, -11.5459
4.0204e+06, 4.53753e-11, -11.5458
4.02535e+06, 4.53195e-11, -11.5456
4.0303e+06, 4.52639e-11, -11.5454
4.03525e+06, 4.52084e-11, -11.5452
4.0402e+06, 4.5153e-11, -11.5451
4.04515e+06, 4.50977e-11, -11.5449
4.0501e+06, 4.50426e-11, -11.5447
4.05505e+06, 4.49876e-11, -11.5444
4.06e+06, 4.49328e-11, -11.5442
4.06495e+06, 4.4878e-11, -11.544
4.0699e+06, 4.48235e-11, -11.5437
4.07485e+06, 4.4769e-11, -11.5435
4.0798e+06, 4.47147e-11, -11.5432
4.08475e+06, 4.46605e-11, -11.543
4.0897e+06, 4.46065e-11, -11.5427
4.09465e+06, 4.45525e-11, -11.5424
4.0996e+06, 4.44987e-11, -11.5421
4.10455e+06, 4.44451e-11, -11.5418
4.1095e+06, 4.43915e-11, -11.5415
4.11445e+06, 4.43381e-11, -11.5412
4.1194e+06, 4.42849e-11, -11.5409
4.12435e+06, 4.42317e-11, -11.5405
4.1293e+06, 4.41787e-11, -11.5402
4.13425e+06, 4.41258e-11, -11.5398
4.1392e+06, 4.4073e-11, -11.5395
4.14415e+06, 4.40204e-11, -11.5391
4.1491e+06, 4.39679e-11, -11.5387
4.15405e+06, 4.39155e-11, -11.5383
4.159e+06, 4.38632e-11, -11.5379
4.16395e+06, 4.3811e-11, -11.5375
4.1689e+06, 4.3759e-11, -11.5371
4.17385e+06, 4.37071e-11, -11.5367
4.1788e+06, 4.36554e-11, -11.5363
4.18375e+06, 4.36037e-11, -11.5358
4.1887e+06, 4.35522e-11, -11.5354
4.19365e+06, 4.35008e-11, -11.5349
4.1986e+06, 4.34495e-11, -11.5345
4.20355e+06, 4.33983e-11, -11.534
4.2085e+06, 4.33473e-11, -11.5335
4.21345e+06, 4.32963e-11, -11.533
4.2184e+06, 4.32455e-11, -11.5326
4.22335e+06, 4.31949e-11, -11.5321
4.2283e+06, 4.31443e-11, -11.5315
4.23325e+06, 4.30938e-11, -11.531
4.2382e+06, 4.30435e-11, -11.5305
4.24315e+06, 4.29933e-11, -11.53
4.2481e+06, 4.29432e-11, -11.5294
4.25305e+06, 4.28932e-11, -11.5289
4.258e+06, 4.28434e-11, -11.5283
4.26295e+06, 4.27936e-11, -11.5277
4.2679e+06, 4.2744e-11, -11.5272
4.27285e+06, 4.26945e-11, -11.5266
4.2778e+06, 4.26451e-11, -11.526
4.28275e+06, 4.25958e-11, -11.5254
4.2877e+06, 4.25466e-11, -11.5248
4.29265e+06, 4.24975e-11, -11.5242
4.2976e+06, 4.24486e-11, -11.5235
4.30255e+06, 4.23997e-11, -11.5229
4.3075e+06, 4.2351e-11, -11.5223
4.31245e+06, 4.23024e-11, -11.5216
4.3174e+06, 4.22539e-11, -11.521
4.32235e+06, 4.22055e-11, -11.5203
4.3273e+06, 4.21572e-11, -11.5196
4.33225e+06, 4.21091e-11, -11.5189
4.3372e+06, 4.2061e-11, -11.5182
4.34215e+06, 4.20131e-11, -11.5175
4.3471e+06, 4.19652e-11, -11.5168
4.35205e+06, 4.19175e-11, -11.5161
4.357e+06, 4.18699e-11, -11.5154
4.36195e+06, 4.18224e-11, -11.5147
4.3669e+06, 4.17749e-11, -11.514
4.37185e+06, 4.17276e-11, -11.5132
4.3768e+06, 4.16805e-11, -11.5125
4.38175e+06, 4.16334e-11, -11.5117
4.3867e+06, 4.15864e-11, -11.5109
4.39165e+06, 4.15395e-11, -11.5102
4.3966e+06, 4.14927e-11, -11.5094
4.40155e+06, 4.14461e-11, -11.5086
4.4065e+06, 4.13995e-11, -11.5078
4.41145e+06, 4.13531e-11, -11.507
4.4164e+06, 4.13067e-11, -11.5062
4.42135e+06, 4.12605e-11, -11.5053
4.4263e+06, 4.12143e-11, -11.5045
4.43125e+06, 4.11683e-11, -11.5037
4.4362e+06, 4.11224e-11, -11.5028
4.44115e+06, 4.10765e-11, -11.502
4.4461e+06, 4.10308e-11, -11.5011
4.45105e+06, 4.09852e-11, -11.5003
4.456e+06, 4.09396e-11, -11.4994
4.46095e+06, 4.08942e-11, -11.4985
4.4659e+06, 4.08489e-11, -11.4976
4.47085e+06, 4.08037e-11, -11.4967
4.4758e+06, 4.07585e-11, -11.4958
4.48075e+06, 4.07135e-11, -11.4949
4.4857e+06, 4.06686e-11, -11.494
4.49065e+06, 4.06237e-11, -11.4931
4.4956e+06, 4.0579e-11, -11.4921
4.50055e+06, 4.05344e-11, -11.4912
4.5055e+06, 4.04898e-11, -11.4902
4.51045e+06, 4.04454e-11, -11.4893
4.5154e+06, 4.04011e-11, -11.4883
4.52035e+06, 4.03568e-11, -11.4873
4.5253e+06, 4.03127e-11, -11.4864
4.53025e+06, 4.02686e-11, -11.4854
4.5352e+06, 4.02247e-11, -11.4844
4.54015e+06, 4.01808e-11, -11.4834
4.5451e+06, 4.01371e-11, -11.4824
4.55005e+06, 4.00934e-11, -11.4813
4.555e+06, 4.00498e-11, -11.4803
4.55995e+06, 4.00064e-11, -11.4793
4.5649e+06, 3.9963e-11, -11.4783
4.56985e+06, 3.99197e-11, -11.4772
4.5748e+06, 3.98765e-11, -11.4762
4.57975e+06, 3.98334e-11, -11.4751
4.5847e+06, 3.97904e-11, -11.474
4.58965e+06, 3.97475e-11, -11.473
4.5946e+06, 3.97047e-11, -11.4719
4.59955e+06, 3.96619e-11, -11.4708
4.6045e+06, 3.96193e-11, -11.4697
4.60945e+06, 3.95767e-11, -11.4686
4.6144e+06, 3.95343e-11, -11.4675
4.61935e+06, 3.94919e-11, -11.4664
4.6243e+06, 3.94496e-11, -11.4652
4.62925e+06, 3.94075e-11, -11.4641
4.6342e+06, 3.93654e-11, -11.463
4.63915e+06, 3.93234e-11, -11.4618
4.6441e+06, 3.92815e-11, -11.4607
4.64905e+06, 3.92396e-11, -11.4595
4.654e+06, 3.91979e-11, -11.4583
4.65895e+06, 3.91562e-11, -11.4572
4.6639e+06, 3.91147e-11, -11.456
4.66885e+06, 3.90732e-11, -11.4548
4.6738e+06, 3.90318e-11, -11.4536
4.67875e+06, 3.89905e-11, -11.4524
4.6837e+06, 3.89493e-11, -11.4512
4.68865e+06, 3.89082e-11, -11.4499
4.6936e+06, 3.88672e-11, -11.4487
4.69855e+06, 3.88262e-11, -11.4475
4.7035e+06, 3.87854e-11, -11.4463
4.70845e+06, 3.87446e-11, -11.445
4.7134e+06, 3.87039e-11, -11.4438
4.71835e+06, 3.86633e-11, -11.4425
4.7233e+06, 3.86228e-11, -11.4412
4.72825e+06, 3.85824e-11, -11.44
4.7332e+06, 3.8542e-11, -11.4387
4.73815e+06, 3.85017e-11, -11.4374
4.7431e+06, 3.84616e-11, -11.4361
4.74805e+06, 3.84215e-11, -11.4348
4.753e+06, 3.83814e-11, -11.4335
4.75795e+06, 3.83415e-11, -11.4322
4.7629e+06, 3.83017e-11, -11.4308
4.76785e+06, 3.82619e-11, -11.4295
4.7728e+06, 3.82222e-11, -11.4282
4.77775e+06, 3.81826e-11, -11.4268
4.7827e+06, 3.81431e-11, -11.4255
4.78765e+06, 3.81037e-11, -11.4241
4.7926e+06, 3.80643e-11, -11.4228
4.79755e+06, 3.8025e-11, -11.4214
4.8025e+06, 3.79858e-11, -11.42
4.80745e+06, 3.79467e-11, -11.4186
4.8124e+06, 3.79077e-11, -11.4173
4.81735e+06, 3.78687e-11, -11.4159
4.8223e+06, 3.78299e-11, -11.4145
4.82725e+06, 3.77911e-11, -11.413
4.8322e+06, 3.77524e-11, -11.4116
4.83715e+06, 3.77137e-11, -11.4102
4.8421e+06, 3.76752e-11, -11.4088
4.84705e+06, 3.76367e-11, -11.4073
4.852e+06, 3.75983e-11, -11.4059
4.85695e+06, 3.756e-11, -11.4044
4.8619e+06, 3.75217e-11, -11.403
4.86685e+06, 3.74836e-11, -11.4015
4.8718e+06, 3.74455e-11, -11.4001
4.87675e+06, 3.74075e-11, -11.3986
4.8817e+06, 3.73696e-11, -11.3971
4.88665e+06, 3.73317e-11, -11.3956
4.8916e+06, 3.72939e-11, -11.3941
4.89655e+06, 3.72562e-11, -11.3926
4.9015e+06, 3.72186e-11, -11.3911
4.90645e+06, 3.71811e-11, -11.3896
4.9114e+06, 3.71436e-11, -11.3881
4.91635e+06, 3.71062e-11, -11.3865
4.9213e+06, 3.70689e-11, -11.385
4.92625e+06, 3.70316e-11, -11.3834
4.9312e+06, 3.69944e-11, -11.3819
4.93615e+06, 3.69573e-11, -11.3803
4.9411e+06, 3.69203e-11, -11.3788
4.94605e+06, 3.68834e-11, -11.3772
4.951e+06, 3.68465e-11, -11.3756
4.95595e+06, 3.68097e-11, -11.3741
4.9609e+06, 3.6773e-11, -11.3725
4.96585e+06, 3.67363e-11, -11.3709
4.9708e+06, 3.66997e-11, -11.3693
4.97575e+06, 3.66632e-11, -11.3677
4.9807e+06, 3.66268e-11, -11.3661
4.98565e+06, 3.65904e-11, -11.3644
4.9906e+06, 3.65541e-11, -11.3628
4.99555e+06, 3.65179e-11, -11.3612
5.0005e+06, 3.64818e-11, -11.3595
5.00545e+06, 3.64457e-11, -11.3579
5.0104e+06, 3.64097e-11, -11.3562
5.01535e+06, 3.63737e-11, -11.3546
5.0203e+06, 3.63379e-11, -11.3529
5.02525e+06, 3.63021e-11, -11.3512
5.0302e+06, 3.62664e-11, -11.3495
5.03515e+06, 3.62307e-11, -11.3479
5.0401e+06, 3.61951e-11, -11.3462
5.04505e+06, 3.61596e-11, -11.3445
5.05e+06, 3.61242e-11, -11.3428
5.05495e+06, 3.60888e-11, -11.3411
5.0599e+06, 3.60535e-11, -11.3394
5.06485e+06, 3.60182e-11, -11.3376
5.0698e+06, 3.59831e-11, -11.3359
5.07475e+06, 3.5948e-11, -11.3342
5.0797e+06, 3.59129e-11, -11.3324
5.08465e+06, 3.5878e-11, -11.3307
5.0896e+06, 3.58431e-11, -11.3289
5.09455e+06, 3.58083e-11, -11.3272
5.0995e+06, 3.57735e-11, -11.3254
5.10445e+06, 3.57388e-11, -11.3236
5.1094e+06, 3.57042e-11, -11.3219
5.11435e+06, 3.56696e-11, -11.3201
5.1193e+06, 3.56351e-11, -11.3183
5.12425e+06, 3.56007e-11, -11.3165
5.1292e+06, 3.55664e-11, -11.3147
5.13415e+06, 3.55321e-11, -11.3129
5.1391e+06, 3.54979e-11, -11.3111
5.14405e+06, 3.54637e-11, -11.3092
5.149e+06, 3.54296e-11, -11.3074
5.15395e+06, 3.53956e-11, -11.3056
5.1589e+06, 3.53616e-11, -11.3037
5.16385e+06, 3.53277e-11, -11.3019
5.1688e+06, 3.52939e-11, -11.3001
5.17375e+06, 3.52601e-11, -11.2982
5.1787e+06, 3.52264e-11, -11.2963
5.18365e+06, 3.51928e-11, -11.2945
5.1886e+06, 3.51592e-11, -11.2926
5.19355e+06, 3.51257e-11, -11.2907
5.1985e+06, 3.50922e-11, -11.2888
5.20345e+06, 3.50589e-11, -11.2869
5.2084e+06, 3.50255e-11, -11.285
5.21335e+06, 3.49923e-11, -11.2831
5.2183e+06, 3.49591e-11, -11.2812
5.22325e+06, 3.4926e-11, -11.2793
5.2282e+06, 3.48929e-11, -11.2774
5.23315e+06, 3.48599e-11, -11.2754
5.2381e+06, 3.48269e-11, -11.2735
5.24305e+06, 3.47941e-11, -11.2716
5.248e+06, 3.47612e-11, -11.2696
5.25295e+06, 3.47285e-11, -11.2676
5.2579e+06, 3.46958e-11, -11.2657
5.26285e+06, 3.46632e-11, -11.2637
5.2678e+06, 3.46306e-11, -11.2618
5.27275e+06, 3.45981e-11, -11.2598
5.2777e+06, 3.45656e-11, -11.2578
5.28265e+06, 3.45332e-11, -11.2558
5.2876e+06, 3.45009e-11, -11.2538
5.29255e+06, 3.44686e-11, -11.2518
5.2975e+06, 3.44364e-11, -11.2498
5.30245e+06, 3.44043e-11, -11.2478
5.3074e+06, 3.43722e-11, -11.2458
5.31235e+06, 3.43402e-11, -11.2438
5.3173e+06, 3.43082e-11, -11.2417
5.32225e+06, 3.42763e-11, -11.2397
5.3272e+06, 3.42444e-11, -11.2376
5.33215e+06, 3.42127e-11, -11.2356
5.3371e+06, 3.41809e-11, -11.2335
5.34205e+06, 3.41492e-11, -11.2315
5.347e+06, 3.41176e-11, -11.2294
5.35195e+06, 3.40861e-11, -11.2274
5.3569e+06, 3.40546e-11, -11.2253
5.36185e+06, 3.40231e-11, -11.2232
5.3668e+06, 3.39918e-11, -11.2211
5.37175e+06, 3.39604e-11, -11.219
5.3767e+06, 3.39292e-11, -11.2169
5.38165e+06, 3.3898e-11, -11.2148
5.3866e+06, 3.38668e-11, -11.2127
5.39155e+06, 3.38357e-11, -11.2106
5.3965e+06, 3.38047e-11, -11.2085
5.40145e+06, 3.37737e-11, -11.2063
5.4064e+06, 3.37428e-11, -11.2042
5.41135e+06, 3.37119e-11, -11.2021
5.4163e+06, 3.36811e-11, -11.1999
5.42125e+06, 3.36504e-11, -11.1978
5.4262e+06, 3.36197e-11, -11.1956
5.43115e+06, 3.3589e-11, -11.1935
5.4361e+06, 3.35584e-11, -11.1913
5.44105e+06, 3.35279e-11, -11.1891
5.446e+06, 3.34974e-11, -11.1869
5.45095e+06, 3.3467e-11, -11.1847
5.4559e+06, 3.34366e-11, -11.1826
5.46085e+06, 3.34063e-11, -11.1804
5.4658e+06, 3.33761e-11, -11.1782
5.47075e+06, 3.33459e-11, -11.176
5.4757e+06, 3.33157e-11, -11.1737
5.48065e+06, 3.32857e-11, -11.1715
5.4856e+06, 3.32556e-11, -11.1693
5.49055e+06, 3.32256e-11, -11.1671
5.4955e+06, 3.31957e-11, -11.1648
5.50045e+06, 3.31658e-11, -11.1626
5.5054e+06, 3.3136e-11, -11.1604
5.51035e+06, 3.31062e-11, -11.1581
5.5153e+06, 3.30765e-11, -11.1558
5.52025e+06, 3.30469e-11, -11.1536
5.5252e+06, 3.30173e-11, -11.1513
5.53015e+06, 3.29877e-11, -11.1491
5.5351e+06, 3.29582e-11, -11.1468
5.54005e+06, 3.29288e-11, -11.1445
5.545e+06, 3.28994e-11, -11.1422
5.54995e+06, 3.287e-11, -11.1399
5.5549e+06, 3.28407e-11, -11.1376
5.55985e+06, 3.28115e-11, -11.1353
5.5648e+06, 3.27823e-11, -11.133
5.56975e+06, 3.27532e-11, -11.1307
5.5747e+06, 3.27241e-11, -11.1283
5.57965e+06, 3.26951e-11, -11.126
5.5846e+06, 3.26661e-11, -11.1237
5.58955e+06, 3.26372e-11, -11.1214
5.5945e+06, 3.26083e-11, -11.119
5.59945e+06, 3.25794e-11, -11.1167
5.6044e+06, 3.25507e-11, -11.1143
5.60935e+06, 3.2522e-11, -11.1119
5.6143e+06, 3.24933e-11, -11.1096
5.61925e+06, 3.24647e-11, -11.1072
5.6242e+06, 3.24361e-11, -11.1048
5.62915e+06, 3.24076e-11, -11.1025
5.6341e+06, 3.23791e-11, -11.1001
5.63905e+06, 3.23507e-11, -11.0977
5.644e+06, 3.23223e-11, -11.0953
5.64895e+06, 3.2294e-11, -11.0929
5.6539e+06, 3.22657e-11, -11.0905
5.65885e+06, 3.22375e-11, -11.0881
5.6638e+06, 3.22093e-11, -11.0856
5.66875e+06, 3.21812e-11, -11.0832
5.6737e+06, 3.21531e-11, -11.0808
5.67865e+06, 3.21251e-11, -11.0784
5.6836e+06, 3.20971e-11, -11.0759
5.68855e+06, 3.20692e-11, -11.0735
5.6935e+06, 3.20413e-11, -11.071
5.69845e+06, 3.20134e-11, -11.0686
5.7034e+06, 3.19857e-11, -11.0661
5.70835e+06, 3.19579e-11, -11.0636
5.7133e+06, 3.19302e-11, -11.0612
5.71825e+06, 3.19026e-11, -11.0587
5.7232e+06, 3.1875e-11, -11.0562
5.72815e+06, 3.18475e-11, -11.0537
5.7331e+06, 3.182e-11, -11.0512
5.73805e+06, 3.17925e-11, -11.0487
5.743e+06, 3.17651e-11, -11.0462
5.74795e+06, 3.17378e-11, -11.0437
5.7529e+06, 3.17104e-11, -11.0412
5.75785e+06, 3.16832e-11, -11.0387
5.7628e+06, 3.1656e-11, -11.0362
5.76775e+06, 3.16288e-11, -11.0336
5.7727e+06, 3.16017e-11, -11.0311
5.77765e+06, 3.15746e-11, -11.0286
5.7826e+06, 3.15476e-11, -11.026
5.78755e+06, 3.15206e-11, -11.0235
5.7925e+06, 3.14937e-11, -11.0209
5.79745e+06, 3.14668e-11, -11.0184
5.8024e+06, 3.14399e-11, -11.0158
5.80735e+06, 3.14131e-11, -11.0132
5.8123e+06, 3.13864e-11, -11.0107
5.81725e+06, 3.13597e-11, -11.0081
5.8222e+06, 3.1333e-11, -11.0055
5.82715e+06, 3.13064e-11, -11.0029
5.8321e+06, 3.12798e-11, -11.0003
5.83705e+06, 3.12533e-11, -10.9977
5.842e+06, 3.12268e-11, -10.9951
5.84695e+06, 3.12004e-11, -10.9925
5.8519e+06, 3.1174e-11, -10.9899
5.85685e+06, 3.11476e-11, -10.9873
5.8618e+06, 3.11213e-11, -10.9846
5.86675e+06, 3.10951e-11, -10.982
5.8717e+06, 3.10689e-11, -10.9794
5.87665e+06, 3.10427e-11, -10.9767
5.8816e+06, 3.10166e-11, -10.9741
5.88655e+06, 3.09905e-11, -10.9714
5.8915e+06, 3.09644e-11, -10.9688
5.89645e+06, 3.09384e-11, -10.9661
5.9014e+06, 3.09125e-11, -10.9635
5.90635e+06, 3.08866e-11, -10.9608
5.9113e+06, 3.08607e-11, -10.9581
5.91625e+06, 3.08349e-11, -10.9554
5.9212e+06, 3.08091e-11, -10.9528
5.92615e+06, 3.07834e-11, -10.9501
5.9311e+06, 3.07577e-11, -10.9474
5.93605e+06, 3.07321e-11, -10.9447
5.941e+06, 3.07064e-11, -10.942
5.94595e+06, 3.06809e-11, -10.9393
5.9509e+06, 3.06554e-11, -10.9365
5.95585e+06, 3.06299e-11, -10.9338
5.9608e+06, 3.06044e-11, -10.9311
5.96575e+06, 3.05791e-11, -10.9284
5.9707e+06, 3.05537e-11, -10.9256
5.97565e+06, 3.05284e-11, -10.9229
5.9806e+06, 3.05031e-11, -10.9202
5.98555e+06, 3.04779e-11, -10.9174
5.9905e+06, 3.04527e-11, -10.9147
5.99545e+06, 3.04276e-11, -10.9119
6.0004e+06, 3.04025e-11, -10.9091
6.00535e+06, 3.03774e-11, -10.9064
6.0103e+06, 3.03524e-11, -10.9036
6.01525e+06, 3.03274e-11, -10.9008
6.0202e+06, 3.03025e-11, -10.898
6.02515e+06, 3.02776e-11, -10.8952
6.0301e+06, 3.02527e-11, -10.8925
6.03505e+06, 3.02279e-11, -10.8897
6.04e+06, 3.02031e-11, -10.8869
6.04495e+06, 3.01784e-11, -10.8841
6.0499e+06, 3.01537e-11, -10.8812
6.05485e+06, 3.01291e-11, -10.8784
6.0598e+06, 3.01045e-11, -10.8756
6.06475e+06, 3.00799e-11, -10.8728
6.0697e+06, 3.00554e-11, -10.8699
6.07465e+06, 3.00309e-11, -10.8671
6.0796e+06, 3.00064e-11, -10.8643
6.08455e+06, 2.9982e-11, -10.8614
6.0895e+06, 2.99576e-11, -10.8586
6.09445e+06, 2.99333e-11, -10.8557
6.0994e+06, 2.9909e-11, -10.8529
6.10435e+06, 2.98848e-11, -10.85
6.1093e+06, 2.98605e-11, -10.8471
6.11425e+06, 2.98364e-11, -10.8443
6.1192e+06, 2.98122e-11, -10.8414
6.12415e+06, 2.97881e-11, -10.8385
6.1291e+06, 2.97641e-11, -10.8356
6.13405e+06, 2.97401e-11, -10.8327
6.139e+06, 2.97161e-11, -10.8298
6.14395e+06, 2.96921e-11, -10.8269
6.1489e+06, 2.96682e-11, -10.824
6.15385e+06, 2.96444e-11, -10.8211
6.1588e+06, 2.96205e-11, -10.8182
6.16375e+06, 2.95968e-11, -10.8153
6.1687e+06, 2.9573e-11, -10.8123
6.17365e+06, 2.95493e-11, -10.8094
6.1786e+06, 2.95256e-11, -10.8065
6.18355e+06, 2.9502e-11, -10.8035
6.1885e+06, 2.94784e-11, -10.8006
6.19345e+06, 2.94548e-11, -10.7976
6.1984e+06, 2.94313e-11, -10.7947
6.20335e+06, 2.94078e-11, -10.7917
6.2083e+06, 2.93844e-11, -10.7888
6.21325e+06, 2.9361e-11, -10.7858
6.2182e+06, 2.93376e-11, -10.7828
6.22315e+06, 2.93143e-11, -10.7799
6.2281e+06, 2.9291e-11, -10.7769
6.23305e+06, 2.92677e-11, -10.7739
6.238e+06, 2.92445e-11, -10.7709
6.24295e+06, 2.92213e-11, -10.7679
6.2479e+06, 2.91981e-11, -10.7649
6.25285e+06, 2.9175e-11, -10.7619
6.2578e+06, 2.91519e-11, -10.7589
6.26275e+06, 2.91289e-11, -10.7559
6.2677e+06, 2.91059e-11, -10.7529
6.27265e+06, 2.90829e-11, -10.7499
6.2776e+06, 2.906e-11, -10.7468
6.28255e+06, 2.90371e-11, -10.7438
6.2875e+06, 2.90142e-11, -10.7408
6.29245e+06, 2.89914e-11, -10.7377
6.2974e+06, 2.89686e-11, -10.7347
6.30235e+06, 2.89459e-11, -10.7316
6.3073e+06, 2.89232e-11, -10.7286
6.31225e+06, 2.89005e-11, -10.7255
6.3172e+06, 2.88778e-11, -10.7225
6.32215e+06, 2.88552e-11, -10.7194
6.3271e+06, 2.88326e-11, -10.7163
6.33205e+06, 2.88101e-11, -10.7132
6.337e+06, 2.87876e-11, -10.7102
6.34195e+06, 2.87651e-11, -10.7071
6.3469e+06, 2.87427e-11, -10.704
6.35185e+06, 2.87203e-11, -10.7009
6.3568e+06, 2.86979e-11, -10.6978
6.36175e+06, 2.86756e-11, -10.6947
6.3667e+06, 2.86533e-11, -10.6916
6.37165e+06, 2.8631e-11, -10.6885
6.3766e+06, 2.86088e-11, -10.6854
6.38155e+06, 2.85866e-11, -10.6822
6.3865e+06, 2.85645e-11, -10.6791
6.39145e+06, 2.85424e-11, -10.676
6.3964e+06, 2.85203e-11, -10.6729
6.40135e+06, 2.84982e-11, -10.6697
6.4063e+06, 2.84762e-11, -10.6666
6.41125e+06, 2.84542e-11, -10.6634
6.4162e+06, 2.84323e-11, -10.6603
6.42115e+06, 2.84103e-11, -10.6571
6.4261e+06, 2.83884e-11, -10.654
6.43105e+06, 2.83666e-11, -10.6508
6.436e+06, 2.83448e-11, -10.6476
6.44095e+06, 2.8323e-11, -10.6445
6.4459e+06, 2.83012e-11, -10.6413
6.45085e+06, 2.82795e-11, -10.6381
6.4558e+06, 2.82578e-11, -10.6349
6.46075e+06, 2.82362e-11, -10.6317
6.4657e+06, 2.82146e-11, -10.6285
6.47065e+06, 2.8193e-11, -10.6253
6.4756e+06, 2.81714e-11, -10.6221
6.48055e+06, 2.81499e-11, -10.6189
6.4855e+06, 2.81284e-11, -10.6157
6.49045e+06, 2.8107e-11, -10.6125
6.4954e+06, 2.80856e-11, -10.6093
6.50035e+06, 2.80642e-11, -10.6061
6.5053e+06, 2.80428e-11, -10.6028
6.51025e+06, 2.80215e-11, -10.5996
6.5152e+06, 2.80002e-11, -10.5963
6.52015e+06, 2.7979e-11, -10.5931
6.5251e+06, 2.79577e-11, -10.5899
6.53005e+06, 2.79365e-11, -10.5866
6.535e+06, 2.79154e-11, -10.5834
6.53995e+06, 2.78942e-11, -10.5801
6.5449e+06, 2.78732e-11, -10.5768
6.54985e+06, 2.78521e-11, -10.5736
6.5548e+06, 2.78311e-11, -10.5703
6.55975e+06, 2.78101e-11, -10.567
6.5647e+06, 2.77891e-11, -10.5637
6.56965e+06, 2.77681e-11, -10.5605
6.5746e+06, 2.77472e-11, -10.5572
6.57955e+06, 2.77264e-11, -10.5539
6.5845e+06, 2.77055e-11, -10.5506
6.58945e+06, 2.76847e-11, -10.5473
6.5944e+06, 2.76639e-11, -10.544
6.59935e+06, 2.76432e-11, -10.5406
6.6043e+06, 2.76225e-11, -10.5373
6.60925e+06, 2.76018e-11, -10.534
6.6142e+06, 2.75811e-11, -10.5307
6.61915e+06, 2.75605e-11, -10.5274
6.6241e+06, 2.75399e-11, -10.524
6.62905e+06, 2.75193e-11, -10.5207
6.634e+06, 2.74988e-11, -10.5174
6.63895e+06, 2.74783e-11, -10.514
6.6439e+06, 2.74578e-11, -10.5107
6.64885e+06, 2.74374e-11, -10.5073
6.6538e+06, 2.7417e-11, -10.504
6.65875e+06, 2.73966e-11, -10.5006
6.6637e+06, 2.73762e-11, -10.4972
6.66865e+06, 2.73559e-11, -10.4939
6.6736e+06, 2.73356e-11, -10.4905
6.67855e+06, 2.73154e-11, -10.4871
6.6835e+06, 2.72951e-11, -10.4838
6.68845e+06, 2.72749e-11, -10.4804
6.6934e+06, 2.72548e-11, -10.477
6.69835e+06, 2.72346e-11, -10.4736
6.7033e+06, 2.72145e-11, -10.4702
6.70825e+06, 2.71944e-11, -10.4668
6.7132e+06, 2.71744e-11, -10.4634
6.71815e+06, 2.71544e-11, -10.46
6.7231e+06, 2.71344e-11, -10.4566
6.72805e+06, 2.71144e-11, -10.4531
6.733e+06, 2.70945e-11, -10.4497
6.73795e+06, 2.70746e-11, -10.4463
6.7429e+06, 2.70547e-11, -10.4429
6.74785e+06, 2.70348e-11, -10.4394
6.7528e+06, 2.7015e-11, -10.436
6.75775e+06, 2.69952e-11, -10.4325
6.7627e+06, 2.69755e-11, -10.4291
6.76765e+06, 2.69557e-11, -10.4256
6.7726e+06, 2.6936e-11, -10.4222
6.77755e+06, 2.69164e-11, -10.4187
6.7825e+06, 2.68967e-11, -10.4153
6.78745e+06, 2.68771e-11, -10.4118
6.7924e+06, 2.68575e-11, -10.4083
6.79735e+06, 2.6838e-11, -10.4049
6.8023e+06, 2.68184e-11, -10.4014
6.80725e+06, 2.67989e-11, -10.3979
6.8122e+06, 2.67795e-11, -10.3944
6.81715e+06, 2.676e-11, -10.3909
6.8221e+06, 2.67406e-11, -10.3874
6.82705e+06, 2.67212e-11, -10.3839
6.832e+06, 2.67018e-11, -10.3804
6.83695e+06, 2.66825e-11, -10.3769
6.8419e+06, 2.66632e-11, -10.3734
6.84685e+06, 2.66439e-11, -10.3699
6.8518e+06, 2.66247e-11, -10.3664
6.85675e+06, 2.66055e-11, -10.3629
6.8617e+06, 2.65863e-11, -10.3593
6.86665e+06, 2.65671e-11, -10.3558
6.8716e+06, 2.6548e-11, -10.3523
6.87655e+06, 2.65289e-11, -10.3487
6.8815e+06, 2.65098e-11, -10.3452
6.88645e+06, 2.64907e-11, -10.3416
6.8914e+06, 2.64717e-11, -10.3381
6.89635e+06, 2.64527e-11, -10.3345
6.9013e+06, 2.64337e-11, -10.331
6.90625e+06, 2.64148e-11, -10.3274
6.9112e+06, 2.63959e-11, -10.3238
6.91615e+06, 2.6377e-11, -10.3203
6.9211e+06, 2.63581e-11, -10.3167
6.92605e+06, 2.63393e-11, -10.3131
6.931e+06, 2.63204e-11, -10.3095
6.93595e+06, 2.63017e-11, -10.3059
6.9409e+06, 2.62829e-11, -10.3024
6.94585e+06, 2.62642e-11, -10.2988
6.9508e+06, 2.62455e-11, -10.2952
6.95575e+06, 2.62268e-11, -10.2916
6.9607e+06, 2.62081e-11, -10.288
6.96565e+06, 2.61895e-11, -10.2843
6.9706e+06, 2.61709e-11, -10.2807
6.97555e+06, 2.61523e-11, -10.2771
6.9805e+06, 2.61338e-11, -10.2735
6.98545e+06, 2.61153e-11, -10.2699
6.9904e+06, 2.60968e-11, -10.2662
6.99535e+06, 2.60783e-11, -10.2626
7.0003e+06, 2.60599e-11, -10.259
7.00525e+06, 2.60415e-11, -10.2553
7.0102e+06, 2.60231e-11, -10.2517
7.01515e+06, 2.60047e-11, -10.248
7.0201e+06, 2.59864e-11, -10.2444
7.02505e+06, 2.59681e-11, -10.2407
7.03e+06, 2.59498e-11, -10.2371
7.03495e+06, 2.59315e-11, -10.2334
7.0399e+06, 2.59133e-11, -10.2298
7.04485e+06, 2.58951e-11, -10.2261
7.0498e+06, 2.58769e-11, -10.2224
7.05475e+06, 2.58587e-11, -10.2187
7.0597e+06, 2.58406e-11, -10.215
7.06465e+06, 2.58225e-11, -10.2114
7.0696e+06, 2.58044e-11, -10.2077
7.07455e+06, 2.57864e-11, -10.204
7.0795e+06, 2.57683e-11, -10.2003
7.08445e+06, 2.57503e-11, -10.1966
7.0894e+06, 2.57324e-11, -10.1929
7.09435e+06, 2.57144e-11, -10.1892
7.0993e+06, 2.56965e-11, -10.1855
7.10425e+06, 2.56786e-11, -10.1817
7.1092e+06, 2.56607e-11, -10.178
7.11415e+06, 2.56428e-11, -10.1743
7.1191e+06, 2.5625e-11, -10.1706
7.12405e+06, 2.56072e-11, -10.1668
7.129e+06, 2.55894e-11, -10.1631
7.13395e+06, 2.55717e-11, -10.1594
7.1389e+06, 2.55539e-11, -10.1556
7.14385e+06, 2.55362e-11, -10.1519
7.1488e+06, 2.55186e-11, -10.1481
7.15375e+06, 2.55009e-11, -10.1444
7.1587e+06, 2.54833e-11, -10.1406
7.16365e+06, 2.54657e-11, -10.1369
7.1686e+06, 2.54481e-11, -10.1331
7.17355e+06, 2.54305e-11, -10.1293
7.1785e+06, 2.5413e-11, -10.1256
7.18345e+06, 2.53955e-11, -10.1218
7.1884e+06, 2.5378e-11, -10.118
7.19335e+06, 2.53605e-11, -10.1142
7.1983e+06, 2.53431e-11, -10.1104
7.20325e+06, 2.53257e-11, -10.1066
7.2082e+06, 2.53083e-11, -10.1028
7.21315e+06, 2.52909e-11, -10.099
7.2181e+06, 2.52735e-11, -10.0952
7.22305e+06, 2.52562e-11, -10.0914
7.228e+06, 2.52389e-11, -10.0876
7.23295e+06, 2.52217e-11, -10.0838
7.2379e+06, 2.52044e-11, -10.08
7.24285e+06, 2.51872e-11, -10.0762
7.2478e+06, 2.517e-11, -10.0723
7.25275e+06, 2.51528e-11, -10.0685
7.2577e+06, 2.51357e-11, -10.0647
7.26265e+06, 2.51185e-11, -10.0609
7.2676e+06, 2.51014e-11, -10.057
7.27255e+06, 2.50843e-11, -10.0532
7.2775e+06, 2.50673e-11, -10.0493
7.28245e+06, 2.50502e-11, -10.0455
7.2874e+06, 2.50332e-11, -10.0416
7.29235e+06, 2.50162e-11, -10.0378
7.2973e+06, 2.49992e-11, -10.0339
7.30225e+06, 2.49823e-11, -10.03
7.3072e+06, 2.49654e-11, -10.0262
7.31215e+06, 2.49485e-11, -10.0223
7.3171e+06, 2.49316e-11, -10.0184
7.32205e+06, 2.49147e-11, -10.0146
7.327e+06, 2.48979e-11, -10.0107
7.33195e+06, 2.48811e-11, -10.0068
7.3369e+06, 2.48643e-11, -10.0029
7.34185e+06, 2.48476e-11, -9.999
7.3468e+06, 2.48308e-11, -9.99512
7.35175e+06, 2.48141e-11, -9.99121
7.3567e+06, 2.47974e-11, -9.9873
7.36165e+06, 2.47807e-11, -9.9834
7.3666e+06, 2.47641e-11, -9.97949
7.37155e+06, 2.47474e-11, -9.97558
7.3765e+06, 2.47308e-11, -9.97165
7.38145e+06, 2.47142e-11, -9.96773
7.3864e+06, 2.46977e-11, -9.96381
7.39135e+06, 2.46811e-11, -9.95988
7.3963e+06, 2.46646e-11, -9.95595
7.40125e+06, 2.46481e-11, -9.95202
7.4062e+06, 2.46317e-11, -9.94808
7.41115e+06, 2.46152e-11, -9.94414
7.4161e+06, 2.45988e-11, -9.94018
7.42105e+06, 2.45824e-11, -9.93624
7.426e+06, 2.4566e-11, -9.93229
7.43095e+06, 2.45496e-11, -9.92832
7.4359e+06, 2.45333e-11, -9.92437
7.44085e+06, 2.4517e-11, -9.92041
7.4458e+06, 2.45007e-11, -9.91644
7.45075e+06, 2.44844e-11, -9.91246
7.4557e+06, 2.44681e-11, -9.9085
7.46065e+06, 2.44519e-11, -9.90452
7.4656e+06, 2.44357e-11, -9.90054
7.47055e+06, 2.44195e-11, -9.89655
7.4755e+06, 2.44033e-11, -9.89256
7.48045e+06, 2.43872e-11, -9.88857
7.4854e+06, 2.4371e-11, -9.88457
7.49035e+06, 2.43549e-11, -9.88058
7.4953e+06, 2.43389e-11, -9.87658
7.50025e+06, 2.43228e-11, -9.87257
7.5052e+06, 2.43067e-11, -9.86855
7.51015e+06, 2.42907e-11, -9.86454
7.5151e+06, 2.42747e-11, -9.86053
7.52005e+06, 2.42587e-11, -9.85652
7.525e+06, 2.42428e-11, -9.85249
7.52995e+06, 2.42269e-11, -9.84847
7.5349e+06, 2.42109e-11, -9.84443
7.53985e+06, 2.4195e-11, -9.84039
7.5448e+06, 2.41792e-11, -9.83636
7.54975e+06, 2.41633e-11, -9.83232
7.5547e+06, 2.41475e-11, -9.82828
7.55965e+06, 2.41317e-11, -9.82424
7.5646e+06, 2.41159e-11, -9.82018
7.56955e+06, 2.41001e-11, -9.81613
7.5745e+06, 2.40844e-11, -9.81207
7.57945e+06, 2.40686e-11, -9.80799
7.5844e+06, 2.40529e-11, -9.80395
7.58935e+06, 2.40372e-11, -9.79988
7.5943e+06, 2.40216e-11, -9.79581
7.59925e+06, 2.40059e-11, -9.79173
7.6042e+06, 2.39903e-11, -9.78766
7.60915e+06, 2.39747e-11, -9.78358
7.6141e+06, 2.39591e-11, -9.7795
7.61905e+06, 2.39435e-11, -9.77541
7.624e+06, 2.3928e-11, -9.77131
7.62895e+06, 2.39125e-11, -9.76722
7.6339e+06, 2.3897e-11, -9.76311
7.63885e+06, 2.38815e-11, -9.75901
7.6438e+06, 2.3866e-11, -9.75491
7.64875e+06, 2.38506e-11, -9.75079
7.6537e+06, 2.38351e-11, -9.74669
7.65865e+06, 2.38197e-11, -9.74257
7.6636e+06, 2.38043e-11, -9.73846
7.66855e+06, 2.3789e-11, -9.73433
7.6735e+06, 2.37736e-11, -9.7302
7.67845e+06, 2.37583e-11, -9.72608
7.6834e+06, 2.3743e-11, -9.72195
7.68835e+06, 2.37277e-11, -9.71781
7.6933e+06, 2.37125e-11, -9.71367
7.69825e+06, 2.36972e-11, -9.70953
7.7032e+06, 2.3682e-11, -9.70539
7.70815e+06, 2.36668e-11, -9.70123
7.7131e+06, 2.36516e-11, -9.69709
7.71805e+06, 2.36364e-11, -9.69293
7.723e+06, 2.36213e-11, -9.68877
7.72795e+06, 2.36061e-11, -9.68461
7.7329e+06, 2.3591e-11, -9.68045
7.73785e+06, 2.35759e-11, -9.67628
7.7428e+06, 2.35609e-11, -9.67211
7.74775e+06, 2.35458e-11, -9.66792
7.7527e+06, 2.35308e-11, -9.66375
7.75765e+06, 2.35158e-11, -9.65957
7.7626e+06, 2.35008e-11, -9.65539
7.76755e+06, 2.34858e-11, -9.65119
7.7725e+06, 2.34708e-11, -9.64701
7.77745e+06, 2.34559e-11, -9.64281
7.7824e+06, 2.3441e-11, -9.63861
7.78735e+06, 2.34261e-11, -9.63441
7.7923e+06, 2.34112e-11, -9.6302
7.79725e+06, 2.33963e-11, -9.626
7.8022e+06, 2.33815e-11, -9.62179
7.80715e+06, 2.33667e-11, -9.61758
7.8121e+06, 2.33519e-11, -9.61335
7.81705e+06, 2.33371e-11, -9.60914
7.822e+06, 2.33223e-11, -9.6049
7.82695e+06, 2.33075e-11, -9.60068
7.8319e+06, 2.32928e-11, -9.59645
7.83685e+06, 2.32781e-11, -9.59221
7.8418e+06, 2.32634e-11, -9.58798
7.84675e+06, 2.32487e-11, -9.58374
7.8517e+06, 2.32341e-11, -9.57949
7.85665e+06, 2.32194e-11, -9.57524
7.8616e+06, 2.32048e-11, -9.57098
7.86655e+06, 2.31902e-11, -9.56674
7.8715e+06, 2.31756e-11, -9.56248
7.87645e+06, 2.31611e-11, -9.55822
7.8814e+06, 2.31465e-11, -9.55396
7.88635e+06, 2.3132e-11, -9.54969
7.8913e+06, 2.31175e-11, -9.54542
7.89625e+06, 2.3103e-11, -9.54114
7.9012e+06, 2.30885e-11, -9.53688
7.90615e+06, 2.30741e-11, -9.5326
7.9111e+06, 2.30596e-11, -9.52832
7.91605e+06, 2.30452e-11, -9.52402
7.921e+06, 2.30308e-11, -9.51976
7.92595e+06, 2.30164e-11, -9.51546
7.9309e+06, 2.30021e-11, -9.51116
7.93585e+06, 2.29877e-11, -9.50686
7.9408e+06, 2.29734e-11, -9.50254
7.94575e+06, 2.29591e-11, -9.49824
7.9507e+06, 2.29448e-11, -9.49393
7.95565e+06, 2.29305e-11, -9.48963
7.9606e+06, 2.29162e-11, -9.48531
7.96555e+06, 2.2902e-11, -9.48099
7.9705e+06, 2.28878e-11, -9.47667
7.97545e+06, 2.28736e-11, -9.47236
7.9804e+06, 2.28594e-11, -9.46802
7.98535e+06, 2.28452e-11, -9.4637
7.9903e+06, 2.28311e-11, -9.45936
7.99525e+06, 2.28169e-11, -9.45502
8.0002e+06, 2.28028e-11, -9.45068
8.00515e+06, 2.27887e-11, -9.44633
8.0101e+06, 2.27746e-11, -9.44199
8.01505e+06, 2.27606e-11, -9.43764
8.02e+06, 2.27465e-11, -9.43329
8.02495e+06, 2.27325e-11, -9.42894
8.0299e+06, 2.27185e-11, -9.42457
8.03485e+06, 2.27045e-11, -9.42021
8.0398e+06, 2.26905e-11, -9.41584
8.04475e+06, 2.26765e-11, -9.41148
8.0497e+06, 2.26626e-11, -9.40711
8.05465e+06, 2.26487e-11, -9.40274
8.0596e+06, 2.26347e-11, -9.39836
8.06455e+06, 2.26209e-11, -9.39397
8.0695e+06, 2.2607e-11, -9.38958
8.07445e+06, 2.25931e-11, -9.38521
8.0794e+06, 2.25793e-11, -9.38083
8.08435e+06, 2.25655e-11, -9.37643
8.0893e+06, 2.25516e-11, -9.37204
8.09425e+06, 2.25379e-11, -9.36763
8.0992e+06, 2.25241e-11, -9.36323
8.10415e+06, 2.25103e-11, -9.35882
8.1091e+06, 2.24966e-11, -9.35441
8.11405e+06, 2.24829e-11, -9.35
8.119e+06, 2.24691e-11, -9.34558
8.12395e+06, 2.24555e-11, -9.34116
8.1289e+06, 2.24418e-11, -9.33675
8.13385e+06, 2.24281e-11, -9.33233
8.1388e+06, 2.24145e-11, -9.32789
8.14375e+06, 2.24009e-11, -9.32347
8.1487e+06, 2.23873e-11, -9.31903
8.15365e+06, 2.23737e-11, -9.31459
8.1586e+06, 2.23601e-11, -9.31016
8.16355e+06, 2.23465e-11, -9.30572
8.1685e+06, 2.2333e-11, -9.30127
8.17345e+06, 2.23195e-11, -9.29683
8.1784e+06, 2.2306e-11, -9.29236
8.18335e+06, 2.22925e-11, -9.28792
8.1883e+06, 2.2279e-11, -9.28347
8.19325e+06, 2.22655e-11, -9.279
8.1982e+06, 2.22521e-11, -9.27453
8.20315e+06, 2.22387e-11, -9.27006
8.2081e+06, 2.22252e-11, -9.2656
8.21305e+06, 2.22118e-11, -9.26111
8.218e+06, 2.21985e-11, -9.25664
8.22295e+06, 2.21851e-11, -9.25217
8.2279e+06, 2.21718e-11, -9.2477
8.23285e+06, 2.21584e-11, -9.24319
8.2378e+06, 2.21451e-11, -9.23872
8.24275e+06, 2.21318e-11, -9.23424
8.2477e+06, 2.21185e-11, -9.22973
8.25265e+06, 2.21053e-11, -9.22523
8.2576e+06, 2.2092e-11, -9.22072
8.26255e+06, 2.20788e-11, -9.21624
8.2675e+06, 2.20656e-11, -9.21171
8.27245e+06, 2.20524e-11, -9.20721
8.2774e+06, 2.20392e-11, -9.20271
8.28235e+06, 2.2026e-11, -9.19818
8.2873e+06, 2.20128e-11, -9.19368
8.29225e+06, 2.19997e-11, -9.18915
8.2972e+06, 2.19866e-11, -9.18462
8.30215e+06, 2.19735e-11, -9.1801
8.3071e+06, 2.19604e-11, -9.17557
8.31205e+06, 2.19473e-11, -9.17103
8.317e+06, 2.19342e-11, -9.16649
8.32195e+06, 2.19212e-11, -9.16196
8.3269e+06, 2.19082e-11, -9.15742
8.33185e+06, 2.18951e-11, -9.15287
8.3368e+06, 2.18821e-11, -9.14831
8.34175e+06, 2.18692e-11, -9.14378
8.3467e+06, 2.18562e-11, -9.13923
8.35165e+06, 2.18432e-11, -9.13468
8.3566e+06, 2.18303e-11, -9.1301
8.36155e+06, 2.18174e-11, -9.12553
8.3665e+06, 2.18045e-11, -9.12097
8.37145e+06, 2.17916e-11, -9.11642
8.3764e+06, 2.17787e-11, -9.11184
8.38135e+06, 2.17658e-11, -9.10726
8.3863e+06, 2.1753e-11, -9.10269
8.39125e+06, 2.17401e-11, -9.09809
8.3962e+06, 2.17273e-11, -9.09352
8.40115e+06, 2.17145e-11, -9.08894
8.4061e+06, 2.17017e-11, -9.08435
8.41105e+06, 2.1689e-11, -9.07976
8.416e+06, 2.16762e-11, -9.07517
8.42095e+06, 2.16635e-11, -9.07057
8.4259e+06, 2.16507e-11, -9.06596
8.43085e+06, 2.1638e-11, -9.06136
8.4358e+06, 2.16253e-11, -9.05676
8.44075e+06, 2.16127e-11, -9.05214
8.4457e+06, 2.16e-11, -9.04753
8.45065e+06, 2.15873e-11, -9.04291
8.4556e+06, 2.15747e-11, -9.0383
8.46055e+06, 2.15621e-11, -9.03368
8.4655e+06, 2.15495e-11, -9.02904
8.47045e+06, 2.15369e-11, -9.02443
8.4754e+06, 2.15243e-11, -9.0198
8.48035e+06, 2.15117e-11, -9.01517
8.4853e+06, 2.14992e-11, -9.01053
8.49025e+06, 2.14866e-11, -9.00588
8.4952e+06, 2.14741e-11, -9.00124
8.50015e+06, 2.14616e-11, -8.9966
8.5051e+06, 2.14491e-11, -8.99195
8.51005e+06, 2.14367e-11, -8.98731
8.515e+06, 2.14242e-11, -8.98266
8.51995e+06, 2.14117e-11, -8.97799
8.5249e+06, 2.13993e-11, -8.97334
8.52985e+06, 2.13869e-11, -8.96867
8.5348e+06, 2.13745e-11, -8.96402
8.53975e+06, 2.13621e-11, -8.95934
8.5447e+06, 2.13497e-11, -8.95468
8.54965e+06, 2.13374e-11, -8.95
8.5546e+06, 2.1325e-11, -8.94532
8.55955e+06, 2.13127e-11, -8.94065
8.5645e+06, 2.13004e-11, -8.93597
8.56945e+06, 2.12881e-11, -8.93129
8.5744e+06, 2.12758e-11, -8.9266
8.57935e+06, 2.12635e-11, -8.9219
8.5843e+06, 2.12512e-11, -8.91721
8.58925e+06, 2.1239e-11, -8.91252
8.5942e+06, 2.12268e-11, -8.90781
8.59915e+06, 2.12145e-11, -8.90311
8.6041e+06, 2.12023e-11, -8.89842
8.60905e+06, 2.11901e-11, -8.89371
8.614e+06, 2.1178e-11, -8.88899
8.61895e+06, 2.11658e-11, -8.88429
8.6239e+06, 2.11537e-11, -8.87957
8.62885e+06, 2.11415e-11, -8.87485
8.6338e+06, 2.11294e-11, -8.87013
8.63875e+06, 2.11173e-11, -8.8654
8.6437e+06, 2.11052e-11, -8.86067
8.64865e+06, 2.10931e-11, -8.85595
8.6536e+06, 2.10811e-11, -8.85122
8.65855e+06, 2.1069e-11, -8.84648
8.6635e+06, 2.1057e-11, -8.84175
8.66845e+06, 2.10449e-11, -8.837
8.6734e+06, 2.10329e-11, -8.83226
8.67835e+06, 2.10209e-11, -8.82752
8.6833e+06, 2.10089e-11, -8.82278
8.68825e+06, 2.0997e-11, -8.81802
8.6932e+06, 2.0985e-11, -8.81326
8.69815e+06, 2.09731e-11, -8.8085
8.7031e+06, 2.09612e-11, -8.80373
8.70805e+06, 2.09492e-11, -8.79898
8.713e+06, 2.09373e-11, -8.79421
8.71795e+06, 2.09254e-11, -8.78944
8.7229e+06, 2.09136e-11, -8.78467
8.72785e+06, 2.09017e-11, -8.77991
8.7328e+06, 2.08899e-11, -8.77513
8.73775e+06, 2.0878e-11, -8.77034
8.7427e+06, 2.08662e-11, -8.76557
8.74765e+06, 2.08544e-11, -8.76077
8.7526e+06, 2.08426e-11, -8.75598
8.75755e+06, 2.08308e-11, -8.75121
8.7625e+06, 2.08191e-11, -8.7464
8.76745e+06, 2.08073e-11, -8.74161
8.7724e+06, 2.07956e-11, -8.73681
8.77735e+06, 2.07838e-11, -8.73199
8.7823e+06, 2.07721e-11, -8.7272
8.78725e+06, 2.07604e-11, -8.72239
8.7922e+06, 2.07487e-11, -8.71759
8.79715e+06, 2.07371e-11, -8.71278
8.8021e+06, 2.07254e-11, -8.70795
8.80705e+06, 2.07137e-11, -8.70315
8.812e+06, 2.07021e-11, -8.69831
8.81695e+06, 2.06905e-11, -8.69351
8.8219e+06, 2.06789e-11, -8.68867
8.82685e+06, 2.06673e-11, -8.68384
8.8318e+06, 2.06557e-11, -8.67902
8.83675e+06, 2.06441e-11, -8.67417
8.8417e+06, 2.06326e-11, -8.66934
8.84665e+06, 2.0621e-11, -8.6645
8.8516e+06, 2.06095e-11, -8.65965
8.85655e+06, 2.0598e-11, -8.65481
8.8615e+06, 2.05865e-11, -8.64996
8.86645e+06, 2.0575e-11, -8.64511
8.8714e+06, 2.05635e-11, -8.64027
8.87635e+06, 2.0552e-11, -8.6354
8.8813e+06, 2.05406e-11, -8.63054
8.88625e+06, 2.05291e-11, -8.62568
8.8912e+06, 2.05177e-11, -8.62081
8.89615e+06, 2.05063e-11, -8.61596
8.9011e+06, 2.04949e-11, -8.61108
8.90605e+06, 2.04835e-11, -8.6062
8.911e+06, 2.04721e-11, -8.60132
8.91595e+06, 2.04607e-11, -8.59645
8.9209e+06, 2.04494e-11, -8.59159
8.92585e+06, 2.04381e-11, -8.5867
8.9308e+06, 2.04267e-11, -8.58181
8.93575e+06, 2.04154e-11, -8.57692
8.9407e+06, 2.04041e-11, -8.57204
8.94565e+06, 2.03928e-11, -8.56714
8.9506e+06, 2.03815e-11, -8.56224
8.95555e+06, 2.03703e-11, -8.55735
8.9605e+06, 2.0359e-11, -8.55244
8.96545e+06, 2.03478e-11, -8.54754
8.9704e+06, 2.03366e-11, -8.54264
8.97535e+06, 2.03253e-11, -8.53771
8.9803e+06, 2.03141e-11, -8.53279
8.98525e+06, 2.03029e-11, -8.5279
8.9902e+06, 2.02918e-11, -8.52296
8.99515e+06, 2.02806e-11, -8.51806
9.0001e+06, 2.02694e-11, -8.51312
9.00505e+06, 2.02583e-11, -8.50821
9.01e+06, 2.02472e-11, -8.50329
9.01495e+06, 2.02361e-11, -8.49834
9.0199e+06, 2.02249e-11, -8.49341
9.02485e+06, 2.02139e-11, -8.48848
9.0298e+06, 2.02028e-11, -8.48354
9.03475e+06, 2.01917e-11, -8.4786
9.0397e+06, 2.01806e-11, -8.47365
9.04465e+06, 2.01696e-11, -8.46871
9.0496e+06, 2.01586e-11, -8.46376
9.05455e+06, 2.01476e-11, -8.45881
9.0595e+06, 2.01365e-11, -8.45385
9.06445e+06, 2.01255e-11, -8.44889
9.0694e+06, 2.01146e-11, -8.44394
9.07435e+06, 2.01036e-11, -8.43897
9.0793e+06, 2.00926e-11, -8.434
9.08425e+06, 2.00817e-11, -8.42904
9.0892e+06, 2.00707e-11, -8.42407
9.09415e+06, 2.00598e-11, -8.4191
9.0991e+06, 2.00489e-11, -8.41412
9.10405e+06, 2.0038e-11, -8.40914
9.109e+06, 2.00271e-11, -8.40416
9.11395e+06, 2.00162e-11, -8.39918
9.1189e+06, 2.00054e-11, -8.39421
9.12385e+06, 1.99945e-11, -8.38922
9.1288e+06, 1.99837e-11, -8.38422
9.13375e+06, 1.99728e-11, -8.37923
9.1387e+06, 1.9962e-11, -8.37424
9.14365e+06, 1.99512e-11, -8.36924
9.1486e+06, 1.99404e-11, -8.36423
9.15355e+06, 1.99296e-11, -8.35923
9.1585e+06, 1.99189e-11, -8.35422
9.16345e+06, 1.99081e-11, -8.34921
9.1684e+06, 1.98974e-11, -8.3442
9.17335e+06, 1.98866e-11, -8.33918
9.1783e+06, 1.98759e-11, -8.33416
9.18325e+06, 1.98652e-11, -8.32915
9.1882e+06, 1.98545e-11, -8.32413
9.19315e+06, 1.98438e-11, -8.3191
9.1981e+06, 1.98331e-11, -8.31407
9.20305e+06, 1.98225e-11, -8.30904
9.208e+06, 1.98118e-11, -8.30402
9.21295e+06, 1.98012e-11, -8.29897
9.2179e+06, 1.97905e-11, -8.29393
9.22285e+06, 1.97799e-11, -8.28891
9.2278e+06, 1.97693e-11, -8.28386
9.23275e+06, 1.97587e-11, -8.27882
9.2377e+06, 1.97481e-11, -8.27377
9.24265e+06, 1.97375e-11, -8.26873
9.2476e+06, 1.9727e-11, -8.26366
9.25255e+06, 1.97164e-11, -8.25861
9.2575e+06, 1.97059e-11, -8.25356
9.26245e+06, 1.96953e-11, -8.2485
9.2674e+06, 1.96848e-11, -8.24343
9.27235e+06, 1.96743e-11, -8.23837
9.2773e+06, 1.96638e-11, -8.2333
9.28225e+06, 1.96533e-11, -8.22825
9.2872e+06, 1.96428e-11, -8.22316
9.29215e+06, 1.96324e-11, -8.21808
9.2971e+06, 1.96219e-11, -8.21301
9.30205e+06, 1.96115e-11, -8.20792
9.307e+06, 1.96011e-11, -8.20285
9.31195e+06, 1.95906e-11, -8.19776
9.3169e+06, 1.95802e-11, -8.19267
9.32185e+06, 1.95698e-11, -8.18759
9.3268e+06, 1.95594e-11, -8.18249
9.33175e+06, 1.95491e-11, -8.17739
9.3367e+06, 1.95387e-11, -8.17229
9.34165e+06, 1.95284e-11, -8.1672
9.3466e+06, 1.9518e-11, -8.1621
9.35155e+06, 1.95077e-11, -8.15698
9.3565e+06, 1.94974e-11, -8.15187
9.36145e+06, 1.9487e-11, -8.14677
9.3664e+06, 1.94767e-11, -8.14165
9.37135e+06, 1.94665e-11, -8.13655
9.3763e+06, 1.94562e-11, -8.13142
9.38125e+06, 1.94459e-11, -8.12631
9.3862e+06, 1.94357e-11, -8.12118
9.39115e+06, 1.94254e-11, -8.11605
9.3961e+06, 1.94152e-11, -8.11094
9.40105e+06, 1.9405e-11, -8.1058
9.406e+06, 1.93947e-11, -8.10066
9.41095e+06, 1.93845e-11, -8.09552
9.4159e+06, 1.93744e-11, -8.0904
9.42085e+06, 1.93642e-11, -8.08525
9.4258e+06, 1.9354e-11, -8.0801
9.43075e+06, 1.93438e-11, -8.07497
9.4357e+06, 1.93337e-11, -8.06983
9.44065e+06, 1.93236e-11, -8.06467
9.4456e+06, 1.93134e-11, -8.05953
9.45055e+06, 1.93033e-11, -8.05436
9.4555e+06, 1.92932e-11, -8.04922
9.46045e+06, 1.92831e-11, -8.04404
9.4654e+06, 1.9273e-11, -8.03889
9.47035e+06, 1.9263e-11, -8.03372
9.4753e+06, 1.92529e-11, -8.02855
9.48025e+06, 1.92428e-11, -8.02339
9.4852e+06, 1.92328e-11, -8.01822
9.49015e+06, 1.92228e-11, -8.01303
9.4951e+06, 1.92128e-11, -8.00788
9.50005e+06, 1.92027e-11, -8.00268
9.505e+06, 1.91927e-11, -7.9975
9.50995e+06, 1.91828e-11, -7.99232
9.5149e+06, 1.91728e-11, -7.98713
9.51985e+06, 1.91628e-11, -7.98195
9.5248e+06, 1.91528e-11, -7.97676
9.52975e+06, 1.91429e-11, -7.97156
9.5347e+06, 1.9133e-11, -7.96637
9.53965e+06, 1.9123e-11, -7.96116
9.5446e+06, 1.91131e-11, -7.95596
9.54955e+06, 1.91032e-11, -7.95076
9.5545e+06, 1.90933e-11, -7.94556
9.55945e+06, 1.90834e-11, -7.94035
9.5644e+06, 1.90735e-11, -7.93513
9.56935e+06, 1.90637e-11, -7.92992
9.5743e+06, 1.90538e-11, -7.92471
9.57925e+06, 1.9044e-11, -7.9195
9.5842e+06, 1.90341e-11, -7.91427
9.58915e+06, 1.90243e-11, -7.90905
9.5941e+06, 1.90145e-11, -7.90383
9.59905e+06, 1.90047e-11, -7.8986
9.604e+06, 1.89949e-11, -7.89336
9.60895e+06, 1.89851e-11, -7.88813
9.6139e+06, 1.89753e-11, -7.8829
9.61885e+06, 1.89656e-11, -7.87766
9.6238e+06, 1.89558e-11, -7.87241
9.62875e+06, 1.89461e-11, -7.86718
9.6337e+06, 1.89363e-11, -7.86194
9.63865e+06, 1.89266e-11, -7.85669
9.6436e+06, 1.89169e-11, -7.85143
9.64855e+06, 1.89072e-11, -7.84619
9.6535e+06, 1.88975e-11, -7.84092
9.65845e+06, 1.88878e-11, -7.83568
9.6634e+06, 1.88781e-11, -7.83043
9.66835e+06, 1.88685e-11, -7.82516
9.6733e+06, 1.88588e-11, -7.8199
9.67825e+06, 1.88492e-11, -7.81464
9.6832e+06, 1.88395e-11, -7.80936
9.68815e+06, 1.88299e-11, -7.80408
9.6931e+06, 1.88203e-11, -7.79883
9.69805e+06, 1.88107e-11, -7.79354
9.703e+06, 1.88011e-11, -7.78826
9.70795e+06, 1.87915e-11, -7.78299
9.7129e+06, 1.87819e-11, -7.77771
9.71785e+06, 1.87724e-11, -7.77242
9.7228e+06, 1.87628e-11, -7.76713
9.72775e+06, 1.87533e-11, -7.76184
9.7327e+06, 1.87437e-11, -7.75656
9.73765e+06, 1.87342e-11, -7.75126
9.7426e+06, 1.87247e-11, -7.74595
9.74755e+06, 1.87152e-11, -7.74067
9.7525e+06, 1.87057e-11, -7.73537
9.75745e+06, 1.86962e-11, -7.73007
9.7624e+06, 1.86867e-11, -7.72476
9.76735e+06, 1.86772e-11, -7.71944
9.7723e+06, 1.86678e-11, -7.71414
9.77725e+06, 1.86583e-11, -7.70883
9.7822e+06, 1.86489e-11, -7.70351
9.78715e+06, 1.86394e-11, -7.69819
9.7921e+06, 1.863e-11, -7.69287
9.79705e+06, 1.86206e-11, -7.68755
9.802e+06, 1.86112e-11, -7.68222
9.80695e+06, 1.86018e-11, -7.6769
9.8119e+06, 1.85924e-11, -7.67157
9.81685e+06, 1.8583e-11, -7.66623
9.8218e+06, 1.85737e-11, -7.66091
9.82675e+06, 1.85643e-11, -7.65558
9.8317e+06, 1.8555e-11, -7.65023
9.83665e+06, 1.85456e-11, -7.64489
9.8416e+06, 1.85363e-11, -7.63955
9.84655e+06, 1.8527e-11, -7.63421
9.8515e+06, 1.85177e-11, -7.62885
9.85645e+06, 1.85084e-11, -7.62352
9.8614e+06, 1.84991e-11, -7.61814
9.86635e+06, 1.84898e-11, -7.61279
9.8713e+06, 1.84805e-11, -7.60744
9.87625e+06, 1.84713e-11, -7.60208
9.8812e+06, 1.8462e-11, -7.59671
9.88615e+06, 1.84528e-11, -7.59137
9.8911e+06, 1.84436e-11, -7.58599
9.89605e+06, 1.84343e-11, -7.58062
9.901e+06, 1.84251e-11, -7.57527
9.90595e+06, 1.84159e-11, -7.56988
9.9109e+06, 1.84067e-11, -7.56451
9.91585e+06, 1.83975e-11, -7.55913
9.9208e+06, 1.83883e-11, -7.55376
9.92575e+06, 1.83792e-11, -7.54838
9.9307e+06, 1.837e-11, -7.54299
9.93565e+06, 1.83609e-11, -7.5376
9.9406e+06, 1.83517e-11, -7.5322
9.94555e+06, 1.83426e-11, -7.52683
9.9505e+06, 1.83335e-11, -7.52143
9.95545e+06, 1.83243e-11, -7.51603
9.9604e+06, 1.83152e-11, -7.51063
9.96535e+06, 1.83061e-11, -7.50523
9.9703e+06, 1.8297e-11, -7.49983
9.97525e+06, 1.8288e-11, -7.49442
9.9802e+06, 1.82789e-11, -7.48902
9.98515e+06, 1.82698e-11, -7.48361
9.9901e+06, 1.82608e-11, -7.47819
9.99505e+06, 1.82517e-11, -7.47278