Guess, Expectation
0, -11.6311
1, -11.6382
3, -11.6751
4, -11.6796
5, -11.7005
6, -11.7669
9, -12.3652
10, -12.4425
13, -12.4849
18, -12.5699
21, -12.6344
24, -12.6662
34, -12.6875
36, -12.7039
37, -12.732
40, -12.7452
41, -12.7482
42, -12.7964
54, -12.8305
56, -12.8571
59, -12.8577
68, -12.8767
82, -12.8931
105, -13.0088
109, -13.0108
132, -13.0236
154, -13.0316
158, -13.0397
159, -13.0481
160, -13.0539
162, -13.0555
218, -13.057
227, -13.1736
239, -13.1845
241, -13.1856
253, -13.2353
257, -13.2462
262, -13.2508
268, -13.252
275, -13.2524
324, -13.2525
468, -13.2525
