i, j, E, error
0, 0, -3.52823, 0.0111297
0, 1, -3.52823, 0.0111297
0, 2, -3.52823, 0.0111297
0, 3, -3.52823, 0.0111297
0, 4, -3.52823, 0.0111297
0, 5, -3.52823, 0.0111297
0, 6, -3.52823, 0.0111297
0, 7, -3.52823, 0.0111297
0, 8, -3.52823, 0.0111297
0, 9, -3.52823, 0.0111297
0, 10, -3.52823, 0.0111297
0, 11, -3.52823, 0.0111297
0, 12, -3.52823, 0.0111297
0, 13, -3.52823, 0.0111297
0, 14, -3.52823, 0.0111297
0, 15, -3.52823, 0.0111297
1, 0, -9.18631, 0.0345142
1, 1, -9.18631, 0.0345142
1, 2, -9.18631, 0.0345142
1, 3, -9.18631, 0.0345142
1, 4, -9.18631, 0.0345142
1, 5, -9.18631, 0.0345142
1, 6, -9.18631, 0.0345142
1, 7, -9.18631, 0.0345142
1, 8, -9.18631, 0.0345142
1, 9, -9.18631, 0.0345142
1, 10, -9.18631, 0.0345142
1, 11, -9.18631, 0.0345142
1, 12, -9.18631, 0.0345142
1, 13, -9.18631, 0.0345142
1, 14, -9.18631, 0.0345142
1, 15, -9.18631, 0.0345142
2, 0, -11.5689, 0.0492927
2, 1, -11.5689, 0.0492927
2, 2, -11.5689, 0.0492927
2, 3, -11.5689, 0.0492927
2, 4, -11.5689, 0.0492927
2, 5, -11.5689, 0.0492927
2, 6, -11.5689, 0.0492927
2, 7, -11.5689, 0.0492927
2, 8, -11.5689, 0.0492927
2, 9, -11.5689, 0.0492927
2, 10, -11.5689, 0.0492927
2, 11, -11.5689, 0.0492927
2, 12, -11.5689, 0.0492927
2, 13, -11.5689, 0.0492927
2, 14, -11.5689, 0.0492927
2, 15, -11.5689, 0.0492927
3, 0, -12.4391, 0.059454
3, 1, -12.4391, 0.059454
3, 2, -12.4391, 0.059454
3, 3, -12.4391, 0.059454
3, 4, -12.4391, 0.059454
3, 5, -12.4391, 0.059454
3, 6, -12.4391, 0.059454
3, 7, -12.4391, 0.059454
3, 8, -12.4391, 0.059454
3, 9, -12.4391, 0.059454
3, 10, -12.4391, 0.059454
3, 11, -12.4391, 0.059454
3, 12, -12.4391, 0.059454
3, 13, -12.4391, 0.059454
3, 14, -12.4391, 0.059454
3, 15, -12.4391, 0.059454
4, 0, -12.4959, 0.0663402
4, 1, -12.4959, 0.0663402
4, 2, -12.4959, 0.0663402
4, 3, -12.4959, 0.0663402
4, 4, -12.4959, 0.0663402
4, 5, -12.4959, 0.0663402
4, 6, -12.4959, 0.0663402
4, 7, -12.4959, 0.0663402
4, 8, -12.4959, 0.0663402
4, 9, -12.4959, 0.0663402
4, 10, -12.4959, 0.0663402
4, 11, -12.4959, 0.0663402
4, 12, -12.4959, 0.0663402
4, 13, -12.4959, 0.0663402
4, 14, -12.4959, 0.0663402
4, 15, -12.4959, 0.0663402
5, 0, -12.1934, 0.0708977
5, 1, -12.1934, 0.0708977
5, 2, -12.1934, 0.0708977
5, 3, -12.1934, 0.0708977
5, 4, -12.1934, 0.0708977
5, 5, -12.1934, 0.0708977
5, 6, -12.1934, 0.0708977
5, 7, -12.1934, 0.0708977
5, 8, -12.1934, 0.0708977
5, 9, -12.1934, 0.0708977
5, 10, -12.1934, 0.0708977
5, 11, -12.1934, 0.0708977
5, 12, -12.1934, 0.0708977
5, 13, -12.1934, 0.0708977
5, 14, -12.1934, 0.0708977
5, 15, -12.1934, 0.0708977
6, 0, -11.8165, 0.0737665
6, 1, -11.8165, 0.0737665
6, 2, -11.8165, 0.0737665
6, 3, -11.8165, 0.0737665
6, 4, -11.8165, 0.0737665
6, 5, -11.8165, 0.0737665
6, 6, -11.8165, 0.0737665
6, 7, -11.8165, 0.0737665
6, 8, -11.8165, 0.0737665
6, 9, -11.8165, 0.0737665
6, 10, -11.8165, 0.0737665
6, 11, -11.8165, 0.0737665
6, 12, -11.8165, 0.0737665
6, 13, -11.8165, 0.0737665
6, 14, -11.8165, 0.0737665
6, 15, -11.8165, 0.0737665
7, 0, -11.5327, 0.0753452
7, 1, -11.5327, 0.0753452
7, 2, -11.5327, 0.0753452
7, 3, -11.5327, 0.0753452
7, 4, -11.5327, 0.0753452
7, 5, -11.5327, 0.0753452
7, 6, -11.5327, 0.0753452
7, 7, -11.5327, 0.0753452
7, 8, -11.5327, 0.0753452
7, 9, -11.5327, 0.0753452
7, 10, -11.5327, 0.0753452
7, 11, -11.5327, 0.0753452
7, 12, -11.5327, 0.0753452
7, 13, -11.5327, 0.0753452
7, 14, -11.5327, 0.0753452
7, 15, -11.5327, 0.0753452
8, 0, -11.4291, 0.0758489
8, 1, -11.4291, 0.0758489
8, 2, -11.4291, 0.0758489
8, 3, -11.4291, 0.0758489
8, 4, -11.4291, 0.0758489
8, 5, -11.4291, 0.0758489
8, 6, -11.4291, 0.0758489
8, 7, -11.4291, 0.0758489
8, 8, -11.4291, 0.0758489
8, 9, -11.4291, 0.0758489
8, 10, -11.4291, 0.0758489
8, 11, -11.4291, 0.0758489
8, 12, -11.4291, 0.0758489
8, 13, -11.4291, 0.0758489
8, 14, -11.4291, 0.0758489
8, 15, -11.4291, 0.0758489
9, 0, -11.5327, 0.0753452
9, 1, -11.5327, 0.0753452
9, 2, -11.5327, 0.0753452
9, 3, -11.5327, 0.0753452
9, 4, -11.5327, 0.0753452
9, 5, -11.5327, 0.0753452
9, 6, -11.5327, 0.0753452
9, 7, -11.5327, 0.0753452
9, 8, -11.5327, 0.0753452
9, 9, -11.5327, 0.0753452
9, 10, -11.5327, 0.0753452
9, 11, -11.5327, 0.0753452
9, 12, -11.5327, 0.0753452
9, 13, -11.5327, 0.0753452
9, 14, -11.5327, 0.0753452
9, 15, -11.5327, 0.0753452
10, 0, -11.8165, 0.0737665
10, 1, -11.8165, 0.0737665
10, 2, -11.8165, 0.0737665
10, 3, -11.8165, 0.0737665
10, 4, -11.8165, 0.0737665
10, 5, -11.8165, 0.0737665
10, 6, -11.8165, 0.0737665
10, 7, -11.8165, 0.0737665
10, 8, -11.8165, 0.0737665
10, 9, -11.8165, 0.0737665
10, 10, -11.8165, 0.0737665
10, 11, -11.8165, 0.0737665
10, 12, -11.8165, 0.0737665
10, 13, -11.8165, 0.0737665
10, 14, -11.8165, 0.0737665
10, 15, -11.8165, 0.0737665
11, 0, -12.1934, 0.0708977
11, 1, -12.1934, 0.0708977
11, 2, -12.1934, 0.0708977
11, 3, -12.1934, 0.0708977
11, 4, -12.1934, 0.0708977
11, 5, -12.1934, 0.0708977
11, 6, -12.1934, 0.0708977
11, 7, -12.1934, 0.0708977
11, 8, -12.1934, 0.0708977
11, 9, -12.1934, 0.0708977
11, 10, -12.1934, 0.0708977
11, 11, -12.1934, 0.0708977
11, 12, -12.1934, 0.0708977
11, 13, -12.1934, 0.0708977
11, 14, -12.1934, 0.0708977
11, 15, -12.1934, 0.0708977
12, 0, -12.4959, 0.0663402
12, 1, -12.4959, 0.0663402
12, 2, -12.4959, 0.0663402
12, 3, -12.4959, 0.0663402
12, 4, -12.4959, 0.0663402
12, 5, -12.4959, 0.0663402
12, 6, -12.4959, 0.0663402
12, 7, -12.4959, 0.0663402
12, 8, -12.4959, 0.0663402
12, 9, -12.4959, 0.0663402
12, 10, -12.4959, 0.0663402
12, 11, -12.4959, 0.0663402
12, 12, -12.4959, 0.0663402
12, 13, -12.4959, 0.0663402
12, 14, -12.4959, 0.0663402
12, 15, -12.4959, 0.0663402
13, 0, -12.4391, 0.059454
13, 1, -12.4391, 0.059454
13, 2, -12.4391, 0.059454
13, 3, -12.4391, 0.059454
13, 4, -12.4391, 0.059454
13, 5, -12.4391, 0.059454
13, 6, -12.4391, 0.059454
13, 7, -12.4391, 0.059454
13, 8, -12.4391, 0.059454
13, 9, -12.4391, 0.059454
13, 10, -12.4391, 0.059454
13, 11, -12.4391, 0.059454
13, 12, -12.4391, 0.059454
13, 13, -12.4391, 0.059454
13, 14, -12.4391, 0.059454
13, 15, -12.4391, 0.059454
14, 0, -11.5689, 0.0492927
14, 1, -11.5689, 0.0492927
14, 2, -11.5689, 0.0492927
14, 3, -11.5689, 0.0492927
14, 4, -11.5689, 0.0492927
14, 5, -11.5689, 0.0492927
14, 6, -11.5689, 0.0492927
14, 7, -11.5689, 0.0492927
14, 8, -11.5689, 0.0492927
14, 9, -11.5689, 0.0492927
14, 10, -11.5689, 0.0492927
14, 11, -11.5689, 0.0492927
14, 12, -11.5689, 0.0492927
14, 13, -11.5689, 0.0492927
14, 14, -11.5689, 0.0492927
14, 15, -11.5689, 0.0492927
15, 0, -9.18631, 0.0345142
15, 1, -9.18631, 0.0345142
15, 2, -9.18631, 0.0345142
15, 3, -9.18631, 0.0345142
15, 4, -9.18631, 0.0345142
15, 5, -9.18631, 0.0345142
15, 6, -9.18631, 0.0345142
15, 7, -9.18631, 0.0345142
15, 8, -9.18631, 0.0345142
15, 9, -9.18631, 0.0345142
15, 10, -9.18631, 0.0345142
15, 11, -9.18631, 0.0345142
15, 12, -9.18631, 0.0345142
15, 13, -9.18631, 0.0345142
15, 14, -9.18631, 0.0345142
15, 15, -9.18631, 0.0345142
Best Result: -12.495859 eV
