Scale, Error, Expectation
1, 3.37523e-05, -0.0116795
19532.2, 0.00471715, -1.57537
39063.5, 0.00667097, -2.1943
58594.7, 0.0081702, -2.65589
78126, 0.00943412, -3.03602
97657.2, 0.0105476, -3.36411
117188, 0.0115544, -3.65522
136720, 0.0124801, -3.91832
156251, 0.0133418, -4.15923
175782, 0.0141511, -4.38202
195313, 0.0149166, -4.58963
214845, 0.0156446, -4.7843
234376, 0.0163403, -4.96775
253907, 0.0170075, -5.14135
273438, 0.0176495, -5.30624
292970, 0.018269, -5.46332
312501, 0.0188681, -5.61336
332032, 0.0194488, -5.75702
351563, 0.0200127, -5.89484
371095, 0.0205611, -6.02732
390626, 0.0210952, -6.15487
410157, 0.0216162, -6.27785
429688, 0.0221248, -6.39658
449220, 0.0226221, -6.51136
468751, 0.0231086, -6.62243
488282, 0.0235852, -6.73003
507813, 0.0240522, -6.83437
527345, 0.0245104, -6.93562
546876, 0.0249602, -7.03396
566407, 0.025402, -7.12955
585938, 0.0258362, -7.22252
605470, 0.0262633, -7.31301
625001, 0.0266836, -7.40113
644532, 0.0270973, -7.48699
664063, 0.0275048, -7.57071
683595, 0.0279063, -7.65236
703126, 0.0283022, -7.73204
722657, 0.0286926, -7.80983
742188, 0.0290777, -7.88581
761720, 0.0294579, -7.96004
781251, 0.0298331, -8.0326
800782, 0.0302037, -8.10355
820313, 0.0305699, -8.17293
839845, 0.0309316, -8.24082
859376, 0.0312892, -8.30727
878907, 0.0316428, -8.37231
898438, 0.0319925, -8.436
917970, 0.0323383, -8.49838
937501, 0.0326805, -8.5595
957032, 0.0330192, -8.61938
976563, 0.0333544, -8.67808
996095, 0.0336863, -8.73562
1.01563e+06, 0.034015, -8.79205
1.03516e+06, 0.0343405, -8.84738
1.05469e+06, 0.034663, -8.90166
1.07422e+06, 0.0349824, -8.9549
1.09375e+06, 0.035299, -9.00715
1.11328e+06, 0.0356128, -9.05842
1.13281e+06, 0.0359238, -9.10874
1.15234e+06, 0.0362322, -9.15814
1.17188e+06, 0.036538, -9.20664
1.19141e+06, 0.0368412, -9.25426
1.21094e+06, 0.0371419, -9.30103
1.23047e+06, 0.0374403, -9.34695
1.25e+06, 0.0377362, -9.39206
1.26953e+06, 0.0380299, -9.43638
1.28906e+06, 0.0383213, -9.47991
1.30859e+06, 0.0386106, -9.52269
1.32813e+06, 0.0388976, -9.56471
1.34766e+06, 0.0391826, -9.60602
1.36719e+06, 0.0394655, -9.6466
1.38672e+06, 0.0397464, -9.6865
1.40625e+06, 0.0400253, -9.72571
1.42578e+06, 0.0403023, -9.76425
1.44531e+06, 0.0405774, -9.80214
1.46484e+06, 0.0408507, -9.83938
1.48438e+06, 0.0411221, -9.876
1.50391e+06, 0.0413918, -9.912
1.52344e+06, 0.0416597, -9.9474
1.54297e+06, 0.0419259, -9.9822
1.5625e+06, 0.0421904, -10.0164
1.58203e+06, 0.0424533, -10.0501
1.60156e+06, 0.0427145, -10.0832
1.62109e+06, 0.0429742, -10.1157
1.64063e+06, 0.0432323, -10.1477
1.66016e+06, 0.0434889, -10.1792
1.67969e+06, 0.0437439, -10.2101
1.69922e+06, 0.0439975, -10.2406
1.71875e+06, 0.0442497, -10.2705
1.73828e+06, 0.0445004, -10.3
1.75781e+06, 0.0447497, -10.3289
1.77734e+06, 0.0449976, -10.3574
1.79688e+06, 0.0452442, -10.3854
1.81641e+06, 0.0454894, -10.413
1.83594e+06, 0.0457333, -10.44
1.85547e+06, 0.0459759, -10.4667
1.875e+06, 0.0462173, -10.4929
1.89453e+06, 0.0464574, -10.5187
1.91406e+06, 0.0466962, -10.544
1.93359e+06, 0.0469339, -10.5689
1.95313e+06, 0.0471703, -10.5934
1.97266e+06, 0.0474056, -10.6175
1.99219e+06, 0.0476397, -10.6412
2.01172e+06, 0.0478726, -10.6645
2.03125e+06, 0.0481045, -10.6874
2.05078e+06, 0.0483352, -10.71
2.07031e+06, 0.0485648, -10.7321
2.08984e+06, 0.0487933, -10.7539
2.10938e+06, 0.0490208, -10.7753
2.12891e+06, 0.0492472, -10.7963
2.14844e+06, 0.0494726, -10.817
2.16797e+06, 0.049697, -10.8373
2.1875e+06, 0.0499203, -10.8573
2.20703e+06, 0.0501427, -10.8769
2.22656e+06, 0.0503641, -10.8962
2.24609e+06, 0.0505845, -10.9152
2.26563e+06, 0.050804, -10.9338
2.28516e+06, 0.0510225, -10.9521
2.30469e+06, 0.0512401, -10.9701
2.32422e+06, 0.0514567, -10.9877
2.34375e+06, 0.0516725, -11.0051
2.36328e+06, 0.0518873, -11.0221
2.38281e+06, 0.0521013, -11.0388
2.40234e+06, 0.0523144, -11.0553
2.42188e+06, 0.0525266, -11.0714
2.44141e+06, 0.052738, -11.0872
2.46094e+06, 0.0529485, -11.1028
2.48047e+06, 0.0531582, -11.118
2.5e+06, 0.0533671, -11.133
2.51953e+06, 0.0535752, -11.1476
2.53906e+06, 0.0537824, -11.162
2.55859e+06, 0.0539889, -11.1762
2.57813e+06, 0.0541945, -11.19
2.59766e+06, 0.0543994, -11.2036
2.61719e+06, 0.0546036, -11.2169
2.63672e+06, 0.0548069, -11.23
2.65625e+06, 0.0550095, -11.2428
2.67578e+06, 0.0552114, -11.2553
2.69531e+06, 0.0554125, -11.2676
2.71484e+06, 0.055613, -11.2796
2.73438e+06, 0.0558126, -11.2914
2.75391e+06, 0.0560116, -11.303
2.77344e+06, 0.0562099, -11.3143
2.79297e+06, 0.0564075, -11.3253
2.8125e+06, 0.0566043, -11.3361
2.83203e+06, 0.0568006, -11.3467
2.85156e+06, 0.0569961, -11.3571
2.87109e+06, 0.0571909, -11.3672
2.89063e+06, 0.0573851, -11.377
2.91016e+06, 0.0575787, -11.3867
2.92969e+06, 0.0577716, -11.3961
2.94922e+06, 0.0579638, -11.4053
2.96875e+06, 0.0581554, -11.4143
2.98828e+06, 0.0583464, -11.4231
3.00781e+06, 0.0585368, -11.4317
3.02734e+06, 0.0587265, -11.44
3.04688e+06, 0.0589157, -11.4481
3.06641e+06, 0.0591042, -11.4561
3.08594e+06, 0.0592921, -11.4638
3.10547e+06, 0.0594795, -11.4713
3.125e+06, 0.0596662, -11.4786
3.14453e+06, 0.0598524, -11.4857
3.16406e+06, 0.060038, -11.4926
3.18359e+06, 0.060223, -11.4993
3.20313e+06, 0.0604074, -11.5058
3.22266e+06, 0.0605913, -11.5121
3.24219e+06, 0.0607747, -11.5183
3.26172e+06, 0.0609574, -11.5242
3.28125e+06, 0.0611397, -11.5299
3.30078e+06, 0.0613214, -11.5355
3.32031e+06, 0.0615025, -11.5409
3.33984e+06, 0.0616832, -11.546
3.35938e+06, 0.0618633, -11.551
3.37891e+06, 0.0620428, -11.5559
3.39844e+06, 0.0622219, -11.5605
3.41797e+06, 0.0624004, -11.565
3.4375e+06, 0.0625785, -11.5693
3.45703e+06, 0.062756, -11.5734
3.47656e+06, 0.062933, -11.5773
3.49609e+06, 0.0631095, -11.5811
3.51563e+06, 0.0632856, -11.5847
3.53516e+06, 0.0634611, -11.5881
3.55469e+06, 0.0636362, -11.5914
3.57422e+06, 0.0638108, -11.5945
3.59375e+06, 0.0639849, -11.5974
3.61328e+06, 0.0641585, -11.6002
3.63281e+06, 0.0643317, -11.6028
3.65234e+06, 0.0645044, -11.6052
3.67188e+06, 0.0646766, -11.6075
3.69141e+06, 0.0648484, -11.6096
3.71094e+06, 0.0650198, -11.6116
3.73047e+06, 0.0651906, -11.6134
3.75e+06, 0.0653611, -11.6151
3.76953e+06, 0.0655311, -11.6166
3.78906e+06, 0.0657006, -11.6179
3.80859e+06, 0.0658697, -11.6191
3.82813e+06, 0.0660384, -11.6202
3.84766e+06, 0.0662067, -11.6211
3.86719e+06, 0.0663745, -11.6218
3.88672e+06, 0.0665419, -11.6224
3.90625e+06, 0.0667089, -11.6229
3.92578e+06, 0.0668754, -11.6232
3.94531e+06, 0.0670416, -11.6234
3.96484e+06, 0.0672073, -11.6234
3.98438e+06, 0.0673726, -11.6233
4.00391e+06, 0.0675376, -11.6231
4.02344e+06, 0.0677021, -11.6227
4.04297e+06, 0.0678662, -11.6222
4.0625e+06, 0.06803, -11.6215
4.08203e+06, 0.0681933, -11.6207
4.10156e+06, 0.0683562, -11.6198
4.12109e+06, 0.0685188, -11.6187
4.14063e+06, 0.068681, -11.6175
4.16016e+06, 0.0688428, -11.6162
4.17969e+06, 0.0690042, -11.6147
4.19922e+06, 0.0691652, -11.6131
4.21875e+06, 0.0693259, -11.6114
4.23828e+06, 0.0694862, -11.6095
4.25781e+06, 0.0696461, -11.6076
4.27734e+06, 0.0698057, -11.6055
4.29688e+06, 0.0699648, -11.6032
4.31641e+06, 0.0701237, -11.6009
4.33594e+06, 0.0702821, -11.5984
4.35547e+06, 0.0704403, -11.5958
4.375e+06, 0.070598, -11.593
4.39453e+06, 0.0707554, -11.5902
4.41406e+06, 0.0709125, -11.5872
4.43359e+06, 0.0710692, -11.5841
4.45313e+06, 0.0712256, -11.5809
4.47266e+06, 0.0713816, -11.5776
4.49219e+06, 0.0715373, -11.5742
4.51172e+06, 0.0716926, -11.5706
4.53125e+06, 0.0718476, -11.5669
4.55078e+06, 0.0720023, -11.5631
4.57031e+06, 0.0721567, -11.5592
4.58984e+06, 0.0723107, -11.5552
4.60938e+06, 0.0724644, -11.551
4.62891e+06, 0.0726177, -11.5468
4.64844e+06, 0.0727708, -11.5424
4.66797e+06, 0.0729235, -11.538
4.6875e+06, 0.0730759, -11.5334
4.70703e+06, 0.073228, -11.5287
4.72656e+06, 0.0733797, -11.5239
4.74609e+06, 0.0735312, -11.519
4.76563e+06, 0.0736823, -11.5139
4.78516e+06, 0.0738332, -11.5088
4.80469e+06, 0.0739837, -11.5036
4.82422e+06, 0.0741339, -11.4983
4.84375e+06, 0.0742838, -11.4928
4.86328e+06, 0.0744335, -11.4873
4.88281e+06, 0.0745828, -11.4816
4.90234e+06, 0.0747318, -11.4759
4.92188e+06, 0.0748805, -11.47
4.94141e+06, 0.0750289, -11.464
4.96094e+06, 0.0751771, -11.458
4.98047e+06, 0.0753249, -11.4518
5e+06, 0.0754725, -11.4456
5.01953e+06, 0.0756197, -11.4392
5.03906e+06, 0.0757667, -11.4327
5.05859e+06, 0.0759134, -11.4262
5.07813e+06, 0.0760598, -11.4195
5.09766e+06, 0.0762059, -11.4128
5.11719e+06, 0.0763518, -11.4059
5.13672e+06, 0.0764974, -11.399
5.15625e+06, 0.0766426, -11.3919
5.17578e+06, 0.0767877, -11.3848
5.19531e+06, 0.0769324, -11.3776
5.21484e+06, 0.0770769, -11.3702
5.23438e+06, 0.0772211, -11.3628
5.25391e+06, 0.077365, -11.3553
5.27344e+06, 0.0775087, -11.3477
5.29297e+06, 0.0776521, -11.34
5.3125e+06, 0.0777952, -11.3322
5.33203e+06, 0.0779381, -11.3243
5.35156e+06, 0.0780807, -11.3163
5.37109e+06, 0.0782231, -11.3083
5.39063e+06, 0.0783652, -11.3001
5.41016e+06, 0.078507, -11.2919
5.42969e+06, 0.0786486, -11.2836
5.44922e+06, 0.0787899, -11.2752
5.46875e+06, 0.078931, -11.2666
5.48828e+06, 0.0790718, -11.2581
5.50781e+06, 0.0792124, -11.2494
5.52734e+06, 0.0793527, -11.2406
5.54688e+06, 0.0794928, -11.2318
5.56641e+06, 0.0796326, -11.2228
5.58594e+06, 0.0797722, -11.2138
5.60547e+06, 0.0799115, -11.2047
5.625e+06, 0.0800506, -11.1955
5.64453e+06, 0.0801895, -11.1863
5.66406e+06, 0.0803281, -11.1769
5.68359e+06, 0.0804665, -11.1675
5.70313e+06, 0.0806046, -11.1579
5.72266e+06, 0.0807425, -11.1483
5.74219e+06, 0.0808802, -11.1387
5.76172e+06, 0.0810176, -11.1289
5.78125e+06, 0.0811548, -11.1191
5.80078e+06, 0.0812918, -11.1091
5.82031e+06, 0.0814285, -11.0991
5.83984e+06, 0.0815651, -11.089
5.85938e+06, 0.0817013, -11.0789
5.87891e+06, 0.0818374, -11.0686
5.89844e+06, 0.0819732, -11.0583
5.91797e+06, 0.0821088, -11.0479
5.9375e+06, 0.0822442, -11.0374
5.95703e+06, 0.0823794, -11.0269
5.97656e+06, 0.0825143, -11.0163
5.99609e+06, 0.082649, -11.0056
6.01563e+06, 0.0827835, -10.9948
6.03516e+06, 0.0829178, -10.9839
6.05469e+06, 0.0830519, -10.973
6.07422e+06, 0.0831857, -10.962
6.09375e+06, 0.0833193, -10.9509
6.11328e+06, 0.0834528, -10.9398
6.13281e+06, 0.083586, -10.9285
6.15234e+06, 0.083719, -10.9172
6.17188e+06, 0.0838517, -10.9059
6.19141e+06, 0.0839843, -10.8944
6.21094e+06, 0.0841167, -10.8829
6.23047e+06, 0.0842488, -10.8713
6.25e+06, 0.0843808, -10.8596
6.26953e+06, 0.0845125, -10.8479
6.28906e+06, 0.0846441, -10.8361
6.30859e+06, 0.0847754, -10.8242
6.32813e+06, 0.0849065, -10.8123
6.34766e+06, 0.0850374, -10.8003
6.36719e+06, 0.0851682, -10.7882
6.38672e+06, 0.0852987, -10.776
6.40625e+06, 0.085429, -10.7638
6.42578e+06, 0.0855591, -10.7515
6.44531e+06, 0.0856891, -10.7391
6.46484e+06, 0.0858188, -10.7267
6.48438e+06, 0.0859484, -10.7142
6.50391e+06, 0.0860777, -10.7017
6.52344e+06, 0.0862068, -10.689
6.54297e+06, 0.0863358, -10.6763
6.5625e+06, 0.0864646, -10.6636
6.58203e+06, 0.0865931, -10.6507
6.60156e+06, 0.0867215, -10.6378
6.62109e+06, 0.0868497, -10.6249
6.64063e+06, 0.0869777, -10.6118
6.66016e+06, 0.0871055, -10.5988
6.67969e+06, 0.0872332, -10.5856
6.69922e+06, 0.0873606, -10.5724
6.71875e+06, 0.0874878, -10.5591
6.73828e+06, 0.0876149, -10.5457
6.75781e+06, 0.0877418, -10.5323
6.77734e+06, 0.0878685, -10.5188
6.79688e+06, 0.087995, -10.5053
6.81641e+06, 0.0881214, -10.4917
6.83594e+06, 0.0882475, -10.478
6.85547e+06, 0.0883735, -10.4643
6.875e+06, 0.0884993, -10.4505
6.89453e+06, 0.0886249, -10.4367
6.91406e+06, 0.0887504, -10.4227
6.93359e+06, 0.0888756, -10.4088
6.95313e+06, 0.0890007, -10.3947
6.97266e+06, 0.0891256, -10.3806
6.99219e+06, 0.0892504, -10.3665
7.01172e+06, 0.0893749, -10.3523
7.03125e+06, 0.0894993, -10.338
7.05078e+06, 0.0896235, -10.3236
7.07031e+06, 0.0897476, -10.3092
7.08984e+06, 0.0898715, -10.2948
7.10938e+06, 0.0899952, -10.2803
7.12891e+06, 0.0901187, -10.2657
7.14844e+06, 0.0902421, -10.2511
7.16797e+06, 0.0903653, -10.2364
7.1875e+06, 0.0904883, -10.2216
7.20703e+06, 0.0906112, -10.2068
7.22656e+06, 0.0907339, -10.192
7.24609e+06, 0.0908564, -10.177
7.26563e+06, 0.0909788, -10.1621
7.28516e+06, 0.091101, -10.147
7.30469e+06, 0.091223, -10.1319
7.32422e+06, 0.0913449, -10.1168
7.34375e+06, 0.0914666, -10.1016
7.36328e+06, 0.0915881, -10.0863
7.38281e+06, 0.0917095, -10.071
7.40234e+06, 0.0918307, -10.0556
7.42188e+06, 0.0919518, -10.0402
7.44141e+06, 0.0920727, -10.0247
7.46094e+06, 0.0921935, -10.0092
7.48047e+06, 0.0923141, -9.99358
7.5e+06, 0.0924345, -9.97793
7.51953e+06, 0.0925548, -9.96223
7.53906e+06, 0.0926749, -9.94648
7.55859e+06, 0.0927949, -9.93067
7.57813e+06, 0.0929147, -9.9148
7.59766e+06, 0.0930343, -9.89889
7.61719e+06, 0.0931539, -9.88292
7.63672e+06, 0.0932732, -9.8669
7.65625e+06, 0.0933924, -9.85082
7.67578e+06, 0.0935114, -9.83469
7.69531e+06, 0.0936303, -9.81851
7.71484e+06, 0.0937491, -9.80228
7.73438e+06, 0.0938677, -9.786
7.75391e+06, 0.0939861, -9.76966
7.77344e+06, 0.0941044, -9.75327
7.79297e+06, 0.0942226, -9.73683
7.8125e+06, 0.0943406, -9.72034
7.83203e+06, 0.0944584, -9.7038
7.85156e+06, 0.0945761, -9.68721
7.87109e+06, 0.0946937, -9.67057
7.89063e+06, 0.0948111, -9.65387
7.91016e+06, 0.0949284, -9.63713
7.92969e+06, 0.0950455, -9.62034
7.94922e+06, 0.0951625, -9.60349
7.96875e+06, 0.0952793, -9.5866
7.98828e+06, 0.095396, -9.56966
8.00781e+06, 0.0955125, -9.55267
8.02734e+06, 0.095629, -9.53562
8.04688e+06, 0.0957452, -9.51853
8.06641e+06, 0.0958613, -9.5014
8.08594e+06, 0.0959773, -9.48421
8.10547e+06, 0.0960932, -9.46697
8.125e+06, 0.0962089, -9.44969
8.14453e+06, 0.0963244, -9.43235
8.16406e+06, 0.0964399, -9.41497
8.18359e+06, 0.0965552, -9.39755
8.20313e+06, 0.0966703, -9.38007
8.22266e+06, 0.0967853, -9.36255
8.24219e+06, 0.0969002, -9.34498
8.26172e+06, 0.097015, -9.32736
8.28125e+06, 0.0971296, -9.30969
8.30078e+06, 0.097244, -9.29198
8.32031e+06, 0.0973584, -9.27423
8.33984e+06, 0.0974726, -9.25642
8.35938e+06, 0.0975866, -9.23857
8.37891e+06, 0.0977006, -9.22067
8.39844e+06, 0.0978144, -9.20273
8.41797e+06, 0.0979281, -9.18474
8.4375e+06, 0.0980416, -9.16671
8.45703e+06, 0.098155, -9.14863
8.47656e+06, 0.0982683, -9.13051
8.49609e+06, 0.0983814, -9.11234
8.51563e+06, 0.0984944, -9.09412
8.53516e+06, 0.0986073, -9.07586
8.55469e+06, 0.0987201, -9.05756
8.57422e+06, 0.0988327, -9.03921
8.59375e+06, 0.0989452, -9.02082
8.61328e+06, 0.0990576, -9.00238
8.63281e+06, 0.0991698, -8.9839
8.65234e+06, 0.099282, -8.96537
8.67188e+06, 0.099394, -8.9468
8.69141e+06, 0.0995058, -8.92819
8.71094e+06, 0.0996176, -8.90953
8.73047e+06, 0.0997292, -8.89083
8.75e+06, 0.0998407, -8.87209
8.76953e+06, 0.099952, -8.8533
8.78906e+06, 0.100063, -8.83448
8.80859e+06, 0.100174, -8.8156
8.82813e+06, 0.100285, -8.79669
8.84766e+06, 0.100396, -8.77773
8.86719e+06, 0.100507, -8.75873
8.88672e+06, 0.100618, -8.73969
8.90625e+06, 0.100728, -8.72061
8.92578e+06, 0.100839, -8.70148
8.94531e+06, 0.100949, -8.68232
8.96484e+06, 0.101059, -8.66311
8.98438e+06, 0.101169, -8.64386
9.00391e+06, 0.101279, -8.62457
9.02344e+06, 0.101389, -8.60524
9.04297e+06, 0.101498, -8.58586
9.0625e+06, 0.101608, -8.56645
9.08203e+06, 0.101717, -8.54699
9.10156e+06, 0.101827, -8.52749
9.12109e+06, 0.101936, -8.50796
9.14063e+06, 0.102045, -8.48838
9.16016e+06, 0.102154, -8.46876
9.17969e+06, 0.102263, -8.44911
9.19922e+06, 0.102371, -8.42941
9.21875e+06, 0.10248, -8.40967
9.23828e+06, 0.102589, -8.38989
9.25781e+06, 0.102697, -8.37007
9.27734e+06, 0.102805, -8.35022
9.29688e+06, 0.102913, -8.33032
9.31641e+06, 0.103021, -8.31039
9.33594e+06, 0.103129, -8.29041
9.35547e+06, 0.103237, -8.2704
9.375e+06, 0.103345, -8.25034
9.39453e+06, 0.103453, -8.23025
9.41406e+06, 0.10356, -8.21012
9.43359e+06, 0.103667, -8.18995
9.45313e+06, 0.103775, -8.16975
9.47266e+06, 0.103882, -8.1495
9.49219e+06, 0.103989, -8.12922
9.51172e+06, 0.104096, -8.1089
9.53125e+06, 0.104203, -8.08854
9.55078e+06, 0.104309, -8.06814
9.57031e+06, 0.104416, -8.0477
9.58984e+06, 0.104522, -8.02723
9.60938e+06, 0.104629, -8.00672
9.62891e+06, 0.104735, -7.98617
9.64844e+06, 0.104841, -7.96559
9.66797e+06, 0.104947, -7.94496
9.6875e+06, 0.105053, -7.9243
9.70703e+06, 0.105159, -7.90361
9.72656e+06, 0.105265, -7.88287
9.74609e+06, 0.10537, -7.8621
9.76563e+06, 0.105476, -7.8413
9.78516e+06, 0.105581, -7.82045
9.80469e+06, 0.105687, -7.79957
9.82422e+06, 0.105792, -7.77866
9.84375e+06, 0.105897, -7.75771
9.86328e+06, 0.106002, -7.73672
9.88281e+06, 0.106107, -7.71569
9.90234e+06, 0.106212, -7.69463
9.92188e+06, 0.106316, -7.67354
9.94141e+06, 0.106421, -7.65241
9.96094e+06, 0.106526, -7.63124
9.98047e+06, 0.10663, -7.61004
